1.64872
1.64428
1.63654
1.62521
1.60987
1.58995
1.56478
1.5336
1.49556
1.44996
1.39634
1.33471
1.2658
1.19122
1.11359
1.03645
0.963795
0.899562
0.84687
0.807565
0.78205
0.769412
0.767802
0.774817
0.787875
0.804503
0.822508
0.840109
0.856008
0.869406
0.879966
0.887787
0.893251
0.896916
0.899319
0.900872
0.901729
0.901814
0.9008
0.898208
0.893547
0.886447
0.876805
0.864815
0.851031
0.836292
0.821587
0.807899
0.796118
0.786931
0.780828
0.778066
0.778627
0.782259
0.788469
0.796586
0.805825
0.815342
0.824318
0.83201
0.837854
0.841537
0.843065
0.842701
0.84091
0.838294
0.835451
0.832922
0.831151
0.830529
0.831386
0.833936
0.838204
0.843927
0.850595
0.857577
0.864226
0.870082
0.874914
0.878713
0.88168
0.884133
0.886407
0.88879
0.891449
0.89442
0.897598
0.900774
0.903682
0.906017
0.907506
0.907921
0.907136
0.905166
0.902186
0.898547
0.894707
0.891138
0.88824
0.886247
0.885185
0.884814
0.884756
0.884543
0.88374
0.882073
0.879461
0.876018
0.871905
0.867198
0.861776
0.855339
0.847543
0.838171
0.827286
0.815212
0.802579
0.790194
0.778927
0.769576
0.762766
0.758819
0.757716
0.759079
0.762246
0.766447
0.771006
0.775488
0.779721
0.783763
0.787842
0.792238
0.797202
0.802887
0.809296
0.816242
0.823382
0.83033
0.836702
0.842312
0.847216
0.851612
0.855717
0.859593
0.863064
0.865781
0.867383
0.867637
0.866492
0.864071
0.860641
0.856661
0.852733
0.849619
0.848166
0.849209
0.853442
0.861217
0.872373
0.886189
0.901459
0.916719
0.930535
0.941747
0.949637
0.953944
0.954807
0.952611
0.947922
0.941443
0.933887
0.925954
0.918297
0.911452
0.905839
0.901677
0.899036
0.897818
0.897754
0.898451
0.899454
0.900324
0.900726
0.900458
0.899484
0.897894
0.895878
0.893695
0.891705
0.890328
0.889991
0.891082
0.893825
0.89817
0.903746
0.909921
0.915977
0.921266
0.925333
0.927996
0.929289
0.929427
0.928732
0.927578
0.926321
0.925268
0.924633
0.924548
0.925026
0.925948
0.927107
0.928225
0.92902
0.929252
0.928747
0.927433
0.925325
0.922537
0.919259
0.915702
0.91206
0.908433
0.904784
0.900901
0.89644
0.89103
0.884425
0.876685
0.868336
0.86032
0.853734
0.849393
0.847504
0.847668
0.849162
0.851367
0.854003
0.85721
0.861504
0.867531
0.875826
0.886606
0.899588
0.913987
0.928622
0.942174
0.953399
0.961355
0.965501
0.965691
0.962142
0.955387
0.946176
0.935422
0.924091
0.913071
0.903034
0.894378
0.887188
0.881379
0.876817
0.873449
0.871378
0.870756
0.871656
0.873911
0.877098
0.880611
0.88383
0.886305
0.887924
0.888974
0.890055
0.891893
0.895167
0.900224
0.906965
0.914835
0.923026
0.930728
0.93734
0.942456
0.945901
0.947629
0.947661
0.946028
0.942765
0.9379
0.931502
0.923669
0.914596
0.904558
0.893953
0.883276
0.873051
0.863739
0.855667
0.849004
0.843727
0.839706
0.836792
0.834907
0.834137
0.83466
0.836703
0.840364
0.845463
0.85149
0.857672
0.863221
0.867608
0.870868
0.873685
0.877179
0.882399
0.889573
0.897699
0.904891
0.9093
0.90997
0.907105
0.901814
0.895617
0.890037
0.886243
0.88488
0.886042
0.88937
0.894154
0.899428
0.904174
0.907501
0.908768
0.907692
0.904337
0.899042
0.892382
0.885051
0.877787
0.871269
0.866089
0.862642
0.861122
0.861546
0.863781
0.867602
0.872739
0.878896
0.885741
0.892898
0.899925
0.906379
0.911845
0.916026
0.918801
0.920228
0.92049
0.919888
0.918733
0.917328
0.915978
0.914874
0.914036
0.913327
0.912424
0.910911
0.908382
0.904543
0.899275
0.892661
0.884942
0.876431
0.86738
0.857977
0.848301
0.838334
0.827943
0.816873
0.80481
0.791499
0.776993
0.76189
0.747435
0.735376
0.727499
0.725099
0.728608
0.737556
0.750831
0.767033
0.784764
0.802736
0.819815
0.835022
0.84759
0.857087
0.86345
0.866971
0.868217
0.867854
1.64474
1.63124
1.61052
1.58357
1.55148
1.51548
1.47713
1.43837
1.40149
1.36872
1.34178
1.32121
1.30613
1.29456
1.28442
1.27444
1.26472
1.25664
1.2525
1.25452
1.26382
1.27987
1.30061
1.32312
1.3443
1.36138
1.37206
1.37485
1.36915
1.35543
1.33514
1.31053
1.28449
1.26023
1.24091
1.22909
1.22596
1.23109
1.2426
1.25796
1.27468
1.29104
1.30621
1.32026
1.33384
1.34765
1.36183
1.37555
1.38698
1.3937
1.39351
1.38525
1.36946
1.34861
1.32639
1.30618
1.28975
1.27729
1.26838
1.26283
1.26062
1.26157
1.26506
1.26998
1.27497
1.27886
1.28102
1.28154
1.28113
1.28082
1.28158
1.28408
1.28865
1.2953
1.30371
1.31332
1.32342
1.33336
1.3425
1.35017
1.3556
1.35787
1.35611
1.3497
1.33854
1.32312
1.30454
1.28454
1.26555
1.25044
1.24181
1.24115
1.24831
1.26136
1.27732
1.29294
1.30541
1.31283
1.3144
1.31047
1.3023
1.29165
1.28026
1.26949
1.26032
1.25337
1.24868
1.24539
1.24192
1.23692
1.23035
1.22396
1.22067
1.22314
1.23221
1.24646
1.26283
1.27798
1.28951
1.29627
1.29825
1.296
1.29033
1.2821
1.27226
1.26178
1.25153
1.242
1.23326
1.22507
1.21702
1.20891
1.20102
1.19423
1.1901
1.19043
1.19673
1.20956
1.22818
1.25062
1.27416
1.29612
1.31424
1.32711
1.33419
1.33575
1.33273
1.3266
1.31912
1.31202
1.30676
1.30432
1.30518
1.3093
1.316
1.32388
1.33106
1.33575
1.33684
1.33422
1.32838
1.32006
1.30982
1.29811
1.28544
1.27268
1.261
1.25159
1.24539
1.24283
1.24387
1.24825
1.25558
1.26514
1.27582
1.28613
1.29459
1.30003
1.30186
1.30009
1.29537
1.28912
1.28326
1.27957
1.27881
1.28062
1.28419
1.28911
1.29546
1.30342
1.31264
1.32211
1.33036
1.33585
1.33734
1.33425
1.32687
1.31634
1.30425
1.29173
1.27921
1.26695
1.25577
1.24691
1.24117
1.2383
1.23735
1.23747
1.23821
1.23949
1.2412
1.24313
1.24499
1.24662
1.24792
1.24891
1.24979
1.251
1.25301
1.25595
1.25943
1.26262
1.26461
1.26481
1.26309
1.25976
1.25541
1.25092
1.2472
1.24498
1.24455
1.24573
1.248
1.25079
1.2537
1.25663
1.25973
1.26316
1.26695
1.27095
1.27492
1.27865
1.28209
1.28535
1.28879
1.29311
1.29921
1.30794
1.31966
1.33395
1.34955
1.36476
1.37792
1.38767
1.39306
1.39348
1.38862
1.37847
1.36339
1.34414
1.32167
1.2971
1.2716
1.24638
1.22269
1.20179
1.18492
1.17297
1.16644
1.16537
1.1695
1.17832
1.19102
1.20642
1.22304
1.23948
1.25482
1.26879
1.2815
1.29304
1.30317
1.31137
1.31717
1.32063
1.32247
1.32374
1.32494
1.32544
1.32348
1.31717
1.3056
1.28947
1.27125
1.25472
1.24387
1.24149
1.24837
1.26337
1.28409
1.30728
1.32916
1.34605
1.35532
1.35608
1.34929
1.33753
1.32423
1.31277
1.30561
1.30376
1.3067
1.31276
1.31972
1.32547
1.32831
1.32724
1.32196
1.3129
1.30131
1.28945
1.28053
1.27806
1.28459
1.3006
1.3241
1.35134
1.37776
1.3991
1.41219
1.41514
1.4073
1.38885
1.36068
1.32453
1.28315
1.24052
1.20163
1.17175
1.15537
1.15481
1.16962
1.19676
1.23148
1.26857
1.30349
1.33297
1.35517
1.36937
1.3757
1.37479
1.36765
1.35558
1.34013
1.32301
1.30598
1.29068
1.27842
1.27001
1.26562
1.2647
1.2662
1.26895
1.27214
1.27554
1.27937
1.28389
1.28906
1.29452
1.29983
1.30483
1.30964
1.31455
1.31955
1.32408
1.32714
1.32783
1.32565
1.32069
1.31328
1.30372
1.29214
1.2787
1.26401
1.24939
1.23661
1.22723
1.22207
1.22091
1.22275
1.22608
1.22922
1.23059
1.22912
1.22484
1.21925
1.21519
1.21571
1.22231
1.23429
1.2493
1.66372
1.66959
1.6656
1.65242
1.63275
1.61109
1.59272
1.58193
1.58015
1.58526
1.59256
1.597
1.59505
1.58562
1.57013
1.55171
1.534
1.52004
1.51117
1.50675
1.50473
1.5027
1.49892
1.49264
1.48414
1.47445
1.46518
1.45831
1.45587
1.45923
1.46851
1.48197
1.49613
1.50695
1.51157
1.50983
1.50465
1.50099
1.50361
1.51507
1.53526
1.56237
1.59412
1.62801
1.66089
1.68885
1.70782
1.71441
1.70677
1.68481
1.65024
1.60638
1.55791
1.5105
1.4701
1.44145
1.42676
1.42518
1.43382
1.44913
1.46803
1.48817
1.50774
1.52531
1.53985
1.55092
1.55891
1.56491
1.57041
1.57664
1.58424
1.59305
1.60219
1.60992
1.61388
1.61176
1.60219
1.58565
1.56465
1.54323
1.5256
1.51433
1.50951
1.50949
1.51209
1.51552
1.51844
1.51978
1.5185
1.51363
1.50515
1.49599
1.49294
1.50257
1.52419
1.54975
1.57095
1.58386
1.58817
1.58502
1.57595
1.56287
1.54795
1.53344
1.52068
1.50952
1.49854
1.48607
1.47171
1.45725
1.4465
1.44386
1.45235
1.47219
1.50074
1.53361
1.5663
1.59539
1.61906
1.63686
1.64926
1.6572
1.66184
1.66431
1.6658
1.66718
1.66861
1.66954
1.66914
1.66684
1.66267
1.65726
1.65154
1.64632
1.64196
1.63821
1.63428
1.62917
1.62218
1.61348
1.60445
1.59738
1.59444
1.59654
1.60293
1.61169
1.62051
1.62717
1.62999
1.628
1.62115
1.61032
1.5972
1.58407
1.5732
1.56617
1.56372
1.56587
1.57217
1.58169
1.59272
1.60287
1.60969
1.61176
1.60949
1.60517
1.60215
1.60331
1.60968
1.62017
1.63207
1.64228
1.64858
1.65065
1.65042
1.65115
1.65536
1.663
1.67181
1.67897
1.6825
1.68167
1.67688
1.6694
1.66101
1.65346
1.64799
1.64499
1.64423
1.64504
1.64671
1.6485
1.64951
1.6486
1.64449
1.63604
1.6228
1.60528
1.58495
1.56412
1.54557
1.53193
1.52494
1.52491
1.53056
1.53966
1.55001
1.56017
1.56979
1.5793
1.58943
1.60062
1.61251
1.62385
1.63269
1.63679
1.63438
1.62468
1.60837
1.58749
1.56501
1.54415
1.52796
1.51891
1.51867
1.52769
1.54502
1.56856
1.59583
1.62464
1.65318
1.67956
1.70161
1.7172
1.72486
1.72422
1.71594
1.70174
1.68426
1.66662
1.65134
1.6395
1.63061
1.62338
1.61628
1.60799
1.59766
1.58537
1.57228
1.56016
1.55022
1.54228
1.53547
1.52964
1.52582
1.52542
1.52936
1.53776
1.55049
1.56732
1.58786
1.61109
1.63526
1.65812
1.67737
1.69117
1.69825
1.69815
1.69105
1.67761
1.65892
1.6362
1.61059
1.58316
1.55462
1.52525
1.4952
1.46525
1.43732
1.41404
1.39758
1.38911
1.3891
1.39769
1.41463
1.43907
1.46933
1.50285
1.53643
1.56668
1.59043
1.60526
1.60992
1.60462
1.5909
1.57116
1.54772
1.5224
1.49677
1.47262
1.45205
1.43697
1.42863
1.42736
1.43239
1.44185
1.45293
1.46244
1.4676
1.46665
1.45935
1.44702
1.43218
1.4178
1.40627
1.39877
1.39523
1.39495
1.3971
1.40129
1.40746
1.41555
1.42511
1.43508
1.44427
1.4521
1.45922
1.46729
1.47805
1.49226
1.50933
1.5278
1.54598
1.56253
1.5767
1.58847
1.5982
1.60619
1.61226
1.61598
1.61722
1.61637
1.61436
1.61212
1.61011
1.60814
1.60548
1.60108
1.59408
1.58404
1.57121
1.55664
1.54205
1.52927
1.51927
1.51157
1.50465
1.49662
1.48544
1.46919
1.44687
1.41984
1.39253
1.37182
1.3647
1.37511
1.402
1.4401
1.48255
1.52312
1.55731
1.5825
1.59783
1.60387
1.60234
1.59558
1.58608
1.57613
1.56757
1.56181
1.55974
1.56169
1.56728
1.57546
1.58461
1.59307
1.59964
1.60387
1.60602
1.60664
1.60601
1.60383
1.5994
1.59229
1.58307
1.57324
1.5648
1.55922
1.55691
1.55732
1.65172
1.65356
1.65568
1.65893
1.66403
1.67092
1.67848
1.68459
1.68666
1.68239
1.67048
1.65129
1.62714
1.60207
1.58068
1.56658
1.56107
1.56289
1.56906
1.57612
1.58131
1.58332
1.5825
1.58079
1.58107
1.58587
1.59624
1.61132
1.6287
1.64538
1.65947
1.67097
1.68118
1.69136
1.70156
1.71072
1.71734
1.72029
1.71917
1.71421
1.70602
1.69515
1.6818
1.66583
1.64745
1.62786
1.60939
1.59479
1.58649
1.58615
1.59464
1.61166
1.63507
1.66103
1.68548
1.70567
1.72052
1.73034
1.73613
1.73876
1.73844
1.73458
1.72616
1.71242
1.69338
1.67011
1.64479
1.62038
1.60004
1.58605
1.57862
1.57561
1.57333
1.56826
1.55857
1.54466
1.52888
1.51478
1.50606
1.50533
1.51316
1.52796
1.54688
1.56726
1.58735
1.6062
1.62305
1.63707
1.64756
1.6542
1.65721
1.65715
1.65479
1.65095
1.64648
1.64182
1.63666
1.62975
1.61913
1.60308
1.58102
1.55406
1.52486
1.49723
1.47563
1.46472
1.46841
1.48811
1.52156
1.56342
1.60728
1.64748
1.67985
1.70186
1.7124
1.71153
1.70031
1.68074
1.65578
1.62892
1.6033
1.58077
1.5617
1.54569
1.53246
1.5222
1.51528
1.51163
1.51042
1.51059
1.51182
1.51488
1.52102
1.53124
1.54547
1.56261
1.58102
1.5989
1.61434
1.62511
1.62892
1.62401
1.61042
1.59141
1.57363
1.56514
1.57123
1.59146
1.62041
1.65109
1.67768
1.69647
1.70573
1.70566
1.6982
1.68608
1.67169
1.65643
1.64083
1.62503
1.60899
1.59233
1.5743
1.55412
1.53195
1.50954
1.49007
1.47724
1.47379
1.48069
1.49694
1.52025
1.54776
1.57691
1.60603
1.63429
1.66129
1.68625
1.7069
1.71931
1.71963
1.70606
1.67969
1.64409
1.60434
1.5659
1.53349
1.51041
1.49811
1.49653
1.50463
1.52049
1.54119
1.56307
1.58269
1.59769
1.60686
1.60972
1.60645
1.5979
1.58573
1.57229
1.5605
1.55311
1.55155
1.55481
1.55997
1.56389
1.56458
1.56168
1.55615
1.54988
1.54536
1.54513
1.55093
1.56287
1.57906
1.59621
1.61088
1.62062
1.62445
1.62259
1.61587
1.60528
1.59176
1.57634
1.56022
1.54489
1.53215
1.52383
1.52128
1.52495
1.53423
1.54782
1.56417
1.58168
1.5987
1.61342
1.62412
1.62963
1.62985
1.62624
1.62208
1.6216
1.62787
1.64047
1.65531
1.66704
1.67199
1.66938
1.6609
1.64938
1.63746
1.62645
1.61602
1.60466
1.59073
1.57362
1.55443
1.53557
1.51956
1.50773
1.4997
1.49392
1.4886
1.4821
1.47307
1.46041
1.44347
1.42248
1.39894
1.3758
1.3569
1.34563
1.34345
1.3498
1.36295
1.38115
1.40323
1.42816
1.45464
1.48081
1.50459
1.52403
1.53775
1.54518
1.54676
1.54393
1.53892
1.53405
1.53106
1.53054
1.53209
1.53495
1.53877
1.54397
1.55156
1.56241
1.5765
1.59256
1.60832
1.62106
1.62843
1.62887
1.62202
1.60876
1.59129
1.57279
1.55657
1.54502
1.53899
1.53816
1.5418
1.54931
1.56007
1.57324
1.58784
1.60311
1.61882
1.63515
1.65234
1.67006
1.68698
1.70084
1.70886
1.70852
1.69808
1.67706
1.64616
1.60706
1.56203
1.51368
1.46495
1.41926
1.3802
1.35056
1.33132
1.32201
1.32209
1.3322
1.35379
1.38698
1.42866
1.47298
1.51401
1.54775
1.57236
1.58716
1.59199
1.58707
1.57335
1.55311
1.5303
1.51019
1.49725
1.49281
1.49493
1.50034
1.50609
1.50998
1.51034
1.50596
1.49626
1.48158
1.4633
1.44385
1.42653
1.41567
1.41698
1.43642
1.47538
1.52709
1.58017
1.62574
1.66024
1.68392
1.69858
1.70598
1.70705
1.70166
1.68882
1.66754
1.63818
1.60341
1.56772
1.53545
1.50898
1.48913
1.47696
1.47447
1.48297
1.50163
1.52792
1.55851
1.58928
1.61549
1.63268
1.63814
1.63208
1.61782
1.63295
1.61603
1.60199
1.59105
1.58299
1.57766
1.57472
1.57368
1.57401
1.57531
1.5773
1.57976
1.58244
1.5852
1.58795
1.59051
1.59267
1.59421
1.59524
1.59641
1.59888
1.60368
1.61097
1.61975
1.62834
1.63536
1.64027
1.64349
1.64607
1.64904
1.65281
1.65693
1.6603
1.6619
1.66154
1.66011
1.65938
1.66121
1.66669
1.6756
1.68651
1.69734
1.70622
1.71198
1.71414
1.71276
1.70814
1.70059
1.69031
1.67737
1.66178
1.64366
1.62348
1.60249
1.58323
1.5695
1.56487
1.57084
1.5859
1.60672
1.62991
1.65293
1.67429
1.69331
1.70985
1.72399
1.73572
1.74468
1.75016
1.75151
1.74883
1.74363
1.73875
1.73733
1.74137
1.75075
1.76346
1.7767
1.78796
1.79559
1.79901
1.79878
1.7963
1.79338
1.79133
1.79034
1.78916
1.78544
1.77655
1.7606
1.73726
1.7085
1.6786
1.65317
1.63672
1.62968
1.62782
1.62467
1.61514
1.59764
1.57418
1.5492
1.5279
1.51477
1.51251
1.52179
1.54126
1.56808
1.59846
1.6284
1.65439
1.67428
1.68752
1.69505
1.69855
1.69959
1.69898
1.69656
1.69156
1.68311
1.67081
1.65532
1.63864
1.62383
1.6135
1.60832
1.60709
1.60845
1.61236
1.61983
1.63212
1.6497
1.67186
1.69664
1.72115
1.74214
1.75639
1.76117
1.75462
1.73622
1.70705
1.66988
1.62892
1.58937
1.55659
1.53514
1.52782
1.53491
1.55396
1.58035
1.60869
1.6343
1.65414
1.66703
1.67318
1.67369
1.66982
1.6623
1.65153
1.63802
1.62314
1.60913
1.59841
1.59247
1.591
1.59198
1.59265
1.5908
1.58554
1.57725
1.56696
1.55589
1.54544
1.53732
1.53352
1.53601
1.54619
1.56411
1.58783
1.61357
1.63712
1.65544
1.66746
1.67408
1.67749
1.68029
1.68439
1.69027
1.69679
1.70175
1.70287
1.69859
1.68811
1.67116
1.64826
1.62135
1.59416
1.57173
1.55934
1.56052
1.57503
1.59845
1.62432
1.6469
1.66235
1.66884
1.66635
1.65648
1.64204
1.62646
1.61301
1.60376
1.59875
1.59613
1.59336
1.58873
1.58167
1.5723
1.56061
1.54637
1.52968
1.51183
1.49562
1.48458
1.48157
1.48784
1.50289
1.52482
1.55098
1.57833
1.60407
1.62604
1.64298
1.65441
1.66054
1.66223
1.6611
1.65976
1.66181
1.67045
1.68604
1.70495
1.72173
1.73254
1.73669
1.73607
1.7336
1.73173
1.73158
1.73288
1.73448
1.73509
1.73383
1.73019
1.72377
1.71385
1.69942
1.67976
1.65536
1.6288
1.60474
1.58842
1.58346
1.59001
1.60468
1.62205
1.63665
1.64446
1.64355
1.63411
1.61808
1.59851
1.57887
1.56231
1.55107
1.54624
1.54766
1.55403
1.56328
1.57274
1.57933
1.57984
1.57166
1.55379
1.52761
1.49712
1.46819
1.44725
1.43979
1.44886
1.47362
1.50929
1.54887
1.58583
1.61584
1.6369
1.64827
1.64977
1.64178
1.62598
1.60631
1.58858
1.57845
1.57875
1.58869
1.60554
1.62702
1.65215
1.68083
1.71275
1.74643
1.77896
1.80642
1.82505
1.83217
1.82708
1.81106
1.78717
1.75941
1.73157
1.70628
1.68474
1.66723
1.65389
1.64493
1.64022
1.63897
1.63989
1.64181
1.64441
1.64794
1.65226
1.65628
1.65881
1.66015
1.66274
1.66979
1.68287
1.70053
1.71893
1.73377
1.7418
1.7414
1.73276
1.71761
1.69852
1.67836
1.65976
1.64484
1.63495
1.63058
1.63138
1.6364
1.64446
1.65416
1.66384
1.6713
1.67415
1.67074
1.66135
1.6488
1.63739
1.63015
1.62674
1.62425
1.61985
1.61251
1.60288
1.59253
1.58371
1.57932
1.58256
1.5958
1.61892
1.6483
1.67795
1.70209
1.71717
1.72222
1.7179
1.70567
1.68771
1.66699
1.64723
1.63216
1.62436
1.62462
1.63194
1.64406
1.65804
1.67069
1.679
1.68068
1.67469
1.66159
1.64354
1.62378
1.60542
1.5901
1.57776
1.63973
1.62945
1.6203
1.61347
1.60991
1.60994
1.61311
1.61852
1.62521
1.63236
1.63951
1.64663
1.65417
1.66304
1.67413
1.68735
1.70111
1.71266
1.71929
1.71952
1.71351
1.70294
1.69061
1.67998
1.67446
1.67623
1.68513
1.69848
1.71239
1.72334
1.72944
1.73045
1.72693
1.71929
1.70717
1.68964
1.66604
1.63693
1.60467
1.57334
1.5479
1.53279
1.53045
1.54055
1.56046
1.58653
1.61512
1.64304
1.66751
1.68595
1.69612
1.69646
1.68618
1.66534
1.63466
1.59559
1.55075
1.50459
1.46359
1.43523
1.42562
1.43709
1.46704
1.50898
1.55486
1.59749
1.63204
1.65643
1.67099
1.6776
1.67878
1.67687
1.67372
1.67061
1.66838
1.66754
1.66834
1.67095
1.6756
1.6824
1.69097
1.7003
1.70903
1.71591
1.71985
1.71986
1.71508
1.70525
1.69106
1.67434
1.65763
1.64339
1.6336
1.6295
1.63142
1.63855
1.64917
1.66114
1.67276
1.6832
1.69206
1.69876
1.70221
1.70116
1.69484
1.68308
1.66653
1.64678
1.62631
1.6083
1.59598
1.59165
1.59593
1.60762
1.62462
1.64491
1.66714
1.6903
1.71292
1.73262
1.74635
1.75153
1.74737
1.73552
1.71923
1.70138
1.68318
1.66438
1.64463
1.62442
1.60535
1.59008
1.58154
1.5814
1.58872
1.60024
1.61212
1.62141
1.62651
1.62675
1.62171
1.6111
1.59502
1.57461
1.55262
1.53301
1.51958
1.51464
1.51838
1.52925
1.54476
1.56244
1.58065
1.59897
1.61782
1.63793
1.65967
1.68272
1.70576
1.72614
1.74044
1.74589
1.74164
1.72906
1.71153
1.69336
1.67877
1.67073
1.67012
1.67608
1.68665
1.69923
1.711
1.71945
1.72304
1.72134
1.71475
1.70408
1.69045
1.67517
1.65973
1.64555
1.6338
1.62521
1.61999
1.61749
1.61611
1.61331
1.60628
1.59317
1.57437
1.55281
1.53296
1.51862
1.51108
1.50928
1.51154
1.51693
1.52522
1.53601
1.54822
1.56028
1.5706
1.57836
1.58393
1.58878
1.59573
1.60834
1.62826
1.65291
1.6767
1.69442
1.70285
1.70056
1.68837
1.67082
1.65636
1.65302
1.66202
1.67731
1.6916
1.70087
1.7045
1.70333
1.69817
1.68927
1.67635
1.65931
1.63876
1.61642
1.59512
1.57845
1.57021
1.57341
1.58917
1.61572
1.64867
1.68236
1.71137
1.73186
1.74212
1.74245
1.73437
1.71996
1.70176
1.68301
1.66742
1.65806
1.65601
1.66037
1.66944
1.68175
1.6959
1.71023
1.72284
1.73203
1.73668
1.73632
1.73112
1.72168
1.70912
1.69512
1.68185
1.67156
1.66608
1.66629
1.67205
1.68246
1.69627
1.71199
1.72809
1.74311
1.75598
1.76606
1.7729
1.77605
1.77479
1.76834
1.75652
1.74039
1.72274
1.70768
1.69949
1.70078
1.71004
1.72096
1.72527
1.71781
1.70083
1.68421
1.67915
1.6892
1.70917
1.73182
1.75209
1.76669
1.77332
1.77104
1.7609
1.74585
1.73012
1.71822
1.71396
1.71981
1.73623
1.76115
1.7903
1.81846
1.8409
1.85422
1.85659
1.84747
1.82725
1.79735
1.76081
1.72307
1.69095
1.66876
1.65467
1.64243
1.62658
1.60565
1.58199
1.56032
1.54586
1.54259
1.55169
1.57129
1.59745
1.62568
1.65206
1.67369
1.68862
1.69565
1.69414
1.68414
1.66674
1.64461
1.6222
1.60505
1.5977
1.60157
1.61464
1.63329
1.65479
1.67821
1.70339
1.72918
1.75255
1.76975
1.77813
1.77705
1.76784
1.75317
1.73652
1.72142
1.71042
1.70403
1.70047
1.69668
1.69008
1.67971
1.66663
1.6537
1.6447
1.64292
1.64985
1.6647
1.68505
1.70787
1.7303
1.74973
1.7638
1.77052
1.7683
1.75638
1.73533
1.70769
1.67812
1.65213
1.63394
1.62506
1.62466
1.63079
1.6414
1.65465
1.66882
1.68216
1.69298
1.70005
1.703
1.70256
1.70052
1.69922
1.70078
1.70623
1.71515
1.72583
1.73593
1.74333
1.65307
1.65332
1.65113
1.64774
1.64469
1.64357
1.64566
1.65167
1.66127
1.67313
1.68503
1.6943
1.69816
1.69404
1.68012
1.65622
1.62455
1.58966
1.55772
1.53449
1.52324
1.52352
1.532
1.54493
1.55994
1.57617
1.59327
1.61076
1.62781
1.64341
1.65652
1.66606
1.67114
1.67113
1.66617
1.6576
1.64804
1.64038
1.6362
1.63466
1.63339
1.63042
1.62563
1.6205
1.61674
1.61483
1.61364
1.61139
1.60636
1.59702
1.58193
1.55993
1.53108
1.49741
1.46237
1.42922
1.40004
1.37652
1.36124
1.35729
1.36634
1.38744
1.41743
1.45269
1.49084
1.53121
1.57394
1.61853
1.66284
1.70334
1.73627
1.75885
1.76995
1.76986
1.75986
1.74216
1.72068
1.70121
1.68963
1.68923
1.69946
1.71681
1.73642
1.75319
1.76298
1.76332
1.75362
1.73493
1.70956
1.68073
1.65236
1.62859
1.61259
1.6048
1.60245
1.60156
1.59962
1.59632
1.59233
1.58799
1.5831
1.57747
1.57119
1.56465
1.55836
1.55291
1.54932
1.54918
1.5541
1.56469
1.5801
1.59859
1.61827
1.63715
1.65293
1.66305
1.66548
1.6597
1.64752
1.63289
1.62079
1.61516
1.61724
1.62525
1.63571
1.64537
1.6523
1.65601
1.65727
1.65776
1.65951
1.6642
1.67261
1.68446
1.69876
1.71417
1.72931
1.74259
1.75215
1.75585
1.75187
1.73947
1.72009
1.69756
1.67702
1.66297
1.65773
1.6611
1.67076
1.6831
1.69429
1.70153
1.70358
1.7007
1.69378
1.68374
1.67153
1.65837
1.64586
1.63569
1.62907
1.62607
1.62563
1.62634
1.62776
1.63096
1.63745
1.64673
1.65492
1.65627
1.64665
1.6259
1.59825
1.57101
1.55259
1.54964
1.564
1.59125
1.62278
1.65
1.6673
1.67271
1.667
1.65258
1.63248
1.60969
1.58657
1.56489
1.54596
1.53074
1.51968
1.51255
1.50857
1.50671
1.5059
1.50547
1.50539
1.50644
1.50982
1.5166
1.52701
1.5405
1.55612
1.57281
1.58896
1.60166
1.60685
1.601
1.5834
1.55799
1.53325
1.51853
1.51827
1.52947
1.54508
1.55908
1.56837
1.57185
1.56916
1.56033
1.54616
1.52875
1.51161
1.49879
1.49324
1.49554
1.50446
1.51885
1.53865
1.56352
1.59112
1.61728
1.63787
1.65067
1.65581
1.65532
1.65196
1.64819
1.64544
1.64405
1.64353
1.64326
1.64289
1.64248
1.64232
1.64263
1.64326
1.64366
1.64285
1.63984
1.63421
1.6266
1.61847
1.61155
1.60697
1.60495
1.60486
1.6057
1.6066
1.60718
1.60748
1.60762
1.60758
1.60708
1.60586
1.60419
1.60314
1.60459
1.61055
1.62246
1.64047
1.66336
1.68869
1.71327
1.73383
1.7479
1.75444
1.75414
1.74893
1.74119
1.73273
1.72402
1.71385
1.69976
1.67909
1.65059
1.61558
1.57801
1.54329
1.51625
1.49976
1.49436
1.4989
1.51139
1.52942
1.55013
1.57022
1.58654
1.59685
1.6004
1.59793
1.59136
1.58317
1.5757
1.5704
1.5674
1.56553
1.56295
1.55806
1.5501
1.53961
1.52816
1.51786
1.51073
1.50815
1.51069
1.51831
1.5307
1.54735
1.56753
1.59
1.61302
1.63429
1.65122
1.66122
1.66238
1.65405
1.63734
1.61517
1.59192
1.57263
1.56159
1.56042
1.56708
1.57692
1.58532
1.5898
1.59059
1.58975
1.59005
1.59379
1.60204
1.61449
1.62993
1.64728
1.66627
1.68692
1.70815
1.7272
1.74063
1.74594
1.74264
1.73242
1.71838
1.70372
1.69018
1.67759
1.66469
1.65018
1.63342
1.61454
1.59444
1.57453
1.55661
1.54246
1.53342
1.52996
1.53172
1.53773
1.54689
1.55817
1.57027
1.58147
1.59004
1.59485
1.59588
1.59381
1.5894
1.58296
1.57423
1.56278
1.54843
1.53182
1.5148
1.50044
1.49194
1.49099
1.49628
1.50376
1.50876
1.50833
1.50222
1.49246
1.48231
1.4755
1.47586
1.48651
1.50848
1.53981
1.57606
1.68438
1.7156
1.73984
1.75653
1.76562
1.76729
1.76182
1.74977
1.73207
1.71009
1.68562
1.66097
1.63898
1.62282
1.6152
1.6173
1.628
1.64425
1.66212
1.67784
1.68872
1.69335
1.69158
1.68436
1.67321
1.65977
1.64543
1.63131
1.61837
1.60755
1.59973
1.59569
1.59581
1.5999
1.60714
1.61597
1.62423
1.62966
1.63064
1.6265
1.6174
1.60425
1.58947
1.57814
1.57644
1.58686
1.60575
1.62704
1.64704
1.66532
1.68247
1.69737
1.70678
1.70743
1.69954
1.68834
1.68059
1.67888
1.68011
1.67978
1.67597
1.66966
1.66296
1.65735
1.65288
1.64853
1.64353
1.63864
1.63629
1.6387
1.64534
1.65272
1.65654
1.65392
1.64372
1.626
1.60147
1.57167
1.53931
1.50839
1.48355
1.46881
1.46646
1.47664
1.49742
1.52512
1.55491
1.58188
1.60222
1.61434
1.6195
1.62129
1.62367
1.62851
1.63495
1.64068
1.6437
1.64307
1.63884
1.6322
1.6253
1.62104
1.62218
1.63039
1.64556
1.66602
1.68922
1.71269
1.73465
1.75398
1.77003
1.78221
1.79002
1.79326
1.79234
1.78823
1.78206
1.77483
1.76727
1.75991
1.75324
1.74781
1.74387
1.74073
1.73676
1.73003
1.71948
1.70552
1.68995
1.67519
1.66327
1.65518
1.65092
1.64999
1.65157
1.65449
1.65702
1.65704
1.65253
1.64214
1.62569
1.60451
1.58168
1.5621
1.55187
1.55641
1.5778
1.61332
1.65667
1.70064
1.7392
1.76826
1.7857
1.79104
1.78518
1.77033
1.74973
1.72706
1.70546
1.6874
1.67522
1.67111
1.67609
1.68906
1.70702
1.72626
1.74357
1.75686
1.76538
1.76947
1.76999
1.76783
1.76362
1.75772
1.75037
1.74193
1.73292
1.72368
1.71418
1.704
1.69275
1.68038
1.66704
1.65264
1.63665
1.61836
1.59753
1.57513
1.55334
1.53483
1.52187
1.51571
1.5168
1.52527
1.54142
1.56568
1.59759
1.63456
1.67175
1.70366
1.72609
1.73723
1.73737
1.72821
1.7124
1.69359
1.67637
1.66535
1.66368
1.67182
1.6877
1.70785
1.7284
1.7459
1.75793
1.76341
1.76249
1.75589
1.74421
1.72824
1.70929
1.68941
1.67074
1.65488
1.64248
1.63313
1.6255
1.61774
1.60799
1.59495
1.57891
1.56292
1.55289
1.55509
1.57164
1.59822
1.62689
1.65098
1.66742
1.67626
1.6792
1.67838
1.67585
1.67321
1.67152
1.67095
1.6709
1.67009
1.66726
1.66172
1.65406
1.64612
1.64071
1.64076
1.64844
1.66442
1.68743
1.71473
1.74275
1.76809
1.78782
1.79968
1.80223
1.79512
1.77947
1.75792
1.73366
1.70887
1.6834
1.65529
1.6225
1.5849
1.54485
1.50629
1.47293
1.44711
1.42993
1.42205
1.42394
1.43566
1.45644
1.4847
1.51823
1.55456
1.59128
1.62636
1.65828
1.68582
1.70779
1.72301
1.73107
1.73311
1.73201
1.73139
1.73393
1.74014
1.74853
1.7568
1.76286
1.76514
1.76256
1.7546
1.74155
1.72472
1.70637
1.68932
1.67607
1.668
1.66494
1.66553
1.66796
1.67059
1.67197
1.67063
1.66508
1.65406
1.6374
1.61628
1.59317
1.57097
1.55237
1.53918
1.53216
1.53104
1.53515
1.54388
1.55697
1.57444
1.59601
1.62069
1.64686
1.67274
1.69692
1.71856
1.73697
1.7508
1.75792
1.75604
1.74382
1.7218
1.69276
1.66134
1.63286
1.61187
1.60105
1.6007
1.60892
1.62259
1.63889
1.65625
1.67444
1.69372
1.7139
1.73395
1.75229
1.76741
1.7783
1.78459
1.78638
1.78411
1.77842
1.7701
1.75999
1.74889
1.73743
1.72592
1.71462
1.70432
1.69708
1.69597
1.70302
1.71656
1.73152
1.74281
1.74879
1.75169
1.7555
1.76302
1.77419
1.7865
1.79673
1.802
1.79999
1.78909
1.76948
1.74421
1.7188
1.69891
1.68735
1.68297
1.68241
1.68261
1.68213
1.6811
1.68029
1.68038
1.6818
1.68467
1.68921
1.69564
1.65822
1.66888
1.68062
1.69206
1.70156
1.70745
1.70837
1.70372
1.69393
1.68031
1.66465
1.64895
1.63505
1.62442
1.61781
1.6151
1.61532
1.61731
1.62047
1.62528
1.63315
1.6457
1.66379
1.68682
1.71255
1.73776
1.75928
1.77477
1.78291
1.78306
1.77495
1.75852
1.7341
1.7027
1.66632
1.62808
1.59207
1.56291
1.54492
1.5405
1.5487
1.56521
1.58425
1.6007
1.61143
1.61563
1.61446
1.6105
1.60689
1.60649
1.6109
1.62031
1.63378
1.6496
1.66574
1.68019
1.69129
1.69801
1.69997
1.69723
1.69014
1.67944
1.66644
1.65327
1.64258
1.63653
1.63567
1.63866
1.64302
1.6465
1.64787
1.64714
1.6454
1.6445
1.64679
1.65463
1.66951
1.69126
1.71765
1.74492
1.76888
1.78603
1.79429
1.79323
1.78387
1.7681
1.74826
1.72663
1.70539
1.68671
1.67286
1.66618
1.66856
1.68085
1.70227
1.73022
1.76062
1.78893
1.81123
1.82506
1.82949
1.82491
1.81251
1.79386
1.77051
1.74407
1.71659
1.69088
1.67023
1.65701
1.6514
1.65141
1.65417
1.65729
1.65945
1.66036
1.66059
1.66115
1.66312
1.66702
1.67249
1.67837
1.68308
1.68553
1.68571
1.68488
1.68493
1.68761
1.69369
1.70265
1.71301
1.7228
1.73016
1.73365
1.73258
1.72716
1.71868
1.70933
1.70116
1.69469
1.68844
1.68021
1.66917
1.65692
1.64696
1.64282
1.64622
1.65612
1.66936
1.68223
1.69188
1.6968
1.69668
1.69209
1.68411
1.67406
1.66303
1.6514
1.63867
1.62385
1.60633
1.58696
1.56858
1.55584
1.55316
1.56188
1.57898
1.59895
1.61698
1.63058
1.63928
1.64331
1.64259
1.63652
1.62495
1.60994
1.59657
1.59066
1.59468
1.60683
1.62426
1.64557
1.67049
1.69835
1.72742
1.75519
1.77908
1.7969
1.80732
1.8102
1.80652
1.79794
1.78605
1.77241
1.75864
1.74576
1.73269
1.71614
1.69273
1.66165
1.62527
1.5883
1.55651
1.53493
1.52621
1.53027
1.54509
1.56726
1.59175
1.61228
1.62315
1.62152
1.60923
1.59238
1.57781
1.56896
1.56473
1.5617
1.55651
1.54724
1.53446
1.52177
1.51478
1.51802
1.53219
1.55399
1.57844
1.60111
1.61901
1.63009
1.63247
1.62425
1.60391
1.57123
1.528
1.47838
1.42867
1.38605
1.35654
1.34316
1.34564
1.36129
1.38595
1.41451
1.44175
1.46358
1.47879
1.48967
1.50076
1.51583
1.53545
1.55724
1.57792
1.59504
1.60749
1.61497
1.61734
1.61451
1.60673
1.59507
1.58159
1.56907
1.56016
1.55647
1.55824
1.5648
1.57528
1.58904
1.60536
1.62315
1.64066
1.65586
1.66703
1.67324
1.67445
1.67143
1.66554
1.65854
1.65241
1.64918
1.65042
1.65642
1.6662
1.67814
1.69097
1.70406
1.71711
1.72978
1.74139
1.75087
1.75696
1.75846
1.75436
1.74382
1.72623
1.70177
1.67239
1.64223
1.6169
1.60133
1.59744
1.60331
1.6145
1.62623
1.63507
1.63934
1.63887
1.63459
1.62812
1.62164
1.61755
1.61834
1.62619
1.64197
1.66383
1.68737
1.70762
1.72123
1.72711
1.72601
1.7197
1.71018
1.6991
1.68744
1.67576
1.66489
1.65618
1.65113
1.65058
1.65386
1.65901
1.66345
1.66447
1.65962
1.64705
1.62581
1.5965
1.56206
1.52824
1.50248
1.49074
1.4943
1.5094
1.52963
1.5487
1.56204
1.56729
1.56424
1.55466
1.54186
1.53008
1.52341
1.5245
1.53395
1.55049
1.57192
1.59573
1.61946
1.64084
1.65803
1.66983
1.67597
1.67702
1.67395
1.6674
1.65754
1.64447
1.62892
1.61217
1.59558
1.57999
1.56562
1.55268
1.54212
1.53599
1.53653
1.54483
1.5601
1.58008
1.60202
1.62366
1.64354
1.66083
1.67494
1.68535
1.69148
1.69279
1.68883
1.67945
1.6651
1.64733
1.62951
1.61688
1.61466
1.6246
1.64355
1.66595
1.68715
1.70461
1.71724
1.65669
1.65985
1.6597
1.65742
1.65439
1.65152
1.64889
1.64565
1.64045
1.63216
1.62014
1.6043
1.58494
1.5627
1.53863
1.5143
1.49153
1.47209
1.45759
1.44927
1.44724
1.45003
1.45504
1.46014
1.46514
1.47174
1.48214
1.49739
1.51676
1.53824
1.55975
1.58006
1.59882
1.61622
1.63222
1.64608
1.6564
1.66181
1.66154
1.65565
1.64476
1.62979
1.61193
1.59281
1.57451
1.55908
1.54789
1.54131
1.53878
1.53926
1.54172
1.54521
1.54859
1.55042
1.54943
1.54563
1.54146
1.54095
1.54668
1.55767
1.57039
1.58145
1.5888
1.59163
1.5896
1.58249
1.57015
1.55312
1.53296
1.51201
1.49253
1.47584
1.46209
1.45104
1.44286
1.43834
1.4384
1.44304
1.45089
1.45965
1.46714
1.47204
1.47428
1.47504
1.4765
1.48139
1.49209
1.50947
1.53213
1.5569
1.58033
1.60007
1.61521
1.62597
1.63315
1.63777
1.64073
1.64247
1.64275
1.64075
1.63537
1.62576
1.61163
1.59336
1.57215
1.55011
1.52989
1.51377
1.5027
1.49636
1.49385
1.49451
1.49813
1.50469
1.51399
1.52507
1.53641
1.54634
1.55399
1.55957
1.564
1.56797
1.57134
1.57304
1.57153
1.56564
1.55542
1.54237
1.52897
1.51742
1.50879
1.50317
1.50058
1.50171
1.5074
1.51754
1.5304
1.54315
1.55329
1.55987
1.56403
1.56849
1.5764
1.59005
1.60996
1.63477
1.66164
1.687
1.70745
1.72038
1.72461
1.72061
1.7103
1.69668
1.68306
1.67228
1.66624
1.66565
1.67009
1.67823
1.68816
1.69776
1.70518
1.7091
1.70894
1.70476
1.69678
1.68505
1.66945
1.65007
1.62808
1.60618
1.58801
1.57637
1.57162
1.57155
1.57327
1.57535
1.57841
1.58374
1.59152
1.6002
1.60729
1.61051
1.60851
1.60128
1.59013
1.57713
1.56452
1.55436
1.54888
1.55012
1.55875
1.57297
1.589
1.60272
1.61107
1.61266
1.60751
1.59685
1.58256
1.56693
1.55204
1.53952
1.53033
1.52485
1.52306
1.52458
1.5287
1.53456
1.54138
1.54866
1.55597
1.56287
1.56909
1.57467
1.58003
1.58564
1.59165
1.59793
1.60431
1.61091
1.61799
1.6252
1.63108
1.63326
1.62921
1.61732
1.59748
1.57128
1.54178
1.51282
1.48828
1.47139
1.46424
1.46748
1.48047
1.50147
1.52802
1.55741
1.58693
1.61422
1.63754
1.65605
1.66988
1.68005
1.68806
1.69526
1.7023
1.70881
1.71368
1.71561
1.71375
1.70818
1.70004
1.69114
1.68316
1.67691
1.67195
1.66675
1.6594
1.64828
1.63269
1.61317
1.59172
1.57111
1.55383
1.54071
1.53082
1.52241
1.5142
1.50622
1.49936
1.49451
1.49179
1.49067
1.49106
1.49395
1.50135
1.5153
1.53669
1.56454
1.59608
1.62752
1.65497
1.67503
1.68506
1.68329
1.66901
1.64286
1.6072
1.56634
1.52627
1.4937
1.47441
1.47128
1.48352
1.5072
1.53695
1.56786
1.59649
1.62094
1.64033
1.65429
1.66255
1.66502
1.66164
1.65256
1.6384
1.62063
1.60187
1.58584
1.57661
1.57724
1.58842
1.60816
1.63251
1.65666
1.67609
1.68728
1.68841
1.67964
1.66292
1.64154
1.61922
1.599
1.58193
1.56651
1.5496
1.52847
1.50236
1.47291
1.44383
1.42013
1.40681
1.40719
1.42189
1.44868
1.48336
1.5211
1.55756
1.58943
1.61447
1.63118
1.63867
1.63698
1.62725
1.61176
1.59345
1.57504
1.55843
1.54476
1.53525
1.53143
1.53455
1.54458
1.55988
1.57774
1.59548
1.61129
1.62419
1.63371
1.63986
1.64359
1.64683
1.65217
1.6619
1.67691
1.69615
1.71673
1.73493
1.74756
1.75312
1.75229
1.74753
1.74169
1.73628
1.73109
1.72506
1.71738
1.70789
1.69687
1.68481
1.67233
1.66016
1.64904
1.63982
1.63344
1.63085
1.63273
1.63918
1.64945
1.6618
1.67374
1.68253
1.68582
1.68224
1.67176
1.65568
1.63606
