-4.71445
-4.71412
-4.71378
-4.7134
-4.71192
-4.70931
-4.70557
-4.70115
-4.6977
-4.69495
-4.69217
-4.68913
-4.68878
-4.68773
-4.68716
-4.68666
-4.68794
-4.68957
-4.6913
-4.69329
-4.69449
-4.69675
-4.69863
-4.69829
-4.69997
-4.7005
-4.70038
-4.70072
-4.7005
-4.70052
-4.70054
-4.70089
-4.70174
-4.70219
-4.7024
-4.70217
-4.7015
-4.70035
-4.69976
-4.70033
-4.6995
-4.7
-4.69899
-4.69863
-4.69865
-4.6983
-4.69881
-4.69806
-4.69784
-4.69813
-4.69921
-4.69955
-4.70002
-4.70061
-4.70159
-4.70219
-4.70256
-4.70284
-4.7032
-4.70303
-4.70177
-4.70155
-4.7018
-4.70208
-4.70167
-4.70162
-4.70087
-4.70048
-4.70027
-4.69996
-4.69997
-4.69954
-4.70045
-4.70073
-4.70094
-4.70139
-4.70163
-4.70108
-4.70188
-4.70148
-4.70126
-4.70123
-4.70138
-4.70065
-4.70098
-4.6998
-4.69981
-4.69949
-4.6993
-4.69893
-4.69822
-4.69781
-4.69723
-4.69651
-4.69703
-4.69896
-4.69896
-4.69901
-4.69895
-4.69904
-4.69913
-4.69948
-4.69979
-4.70005
-4.69967
-4.69988
-4.70085
-4.69971
-4.6995
-4.69853
-4.69784
-4.69833
-4.69742
-4.69681
-4.69576
-4.69613
-4.69551
-4.69543
-4.69498
-4.69582
-4.6967
-4.69684
-4.69786
-4.69853
-4.69897
-4.69904
-4.69889
-4.69872
-4.69809
-4.69854
-4.69961
-4.69981
-4.70033
-4.70056
-4.70092
-4.70156
-4.70202
-4.70243
-4.70221
-4.70107
-4.70131
-4.70127
-4.7008
-4.70153
-4.70147
-4.70152
-4.70094
-4.70141
-4.70172
-4.70191
-4.70349
-4.70256
-4.70291
-4.70409
-4.70385
-4.7049
-4.70464
-4.70515
-4.7053
-4.7046
-4.70346
-4.70383
-4.70377
-4.70316
-4.70311
-4.70275
-4.70303
-4.70321
-4.70345
-4.70331
-4.70218
-4.70157
-4.70103
-4.70068
-4.70067
-4.70067
-4.70188
-4.70231
-4.70135
-4.7014
-4.70156
-4.70092
-4.70101
-4.70049
-4.70132
-4.70097
-4.70139
-4.70139
-4.70083
-4.70077
-4.70044
-4.70105
-4.70122
-4.70061
-4.70055
-4.70012
-4.70037
-4.70057
-4.70058
-4.70089
-4.70107
-4.70157
-4.70181
-4.70254
-4.70164
-4.70107
-4.70142
-4.70239
-4.70229
-4.70217
-4.70203
-4.70186
-4.70136
-4.70144
-4.70076
-4.70007
-4.69955
-4.69903
-4.69839
-4.69807
-4.69837
-4.69807
-4.69761
-4.69802
-4.69915
-4.69874
-4.69847
-4.69867
-4.69881
-4.69906
-4.69971
-4.70086
-4.70154
-4.70141
-4.70135
-4.7005
-4.70054
-4.70198
-4.70182
-4.70173
-4.70212
-4.70342
-4.70436
-4.70444
-4.7044
-4.70392
-4.70393
-4.70417
-4.70362
-4.70429
-4.70424
-4.70396
-4.70421
-4.70381
-4.70305
-4.70297
-4.70309
-4.70354
-4.70399
-4.70382
-4.70379
-4.70376
-4.7042
-4.70465
-4.70435
-4.70446
-4.70407
-4.70362
-4.70477
-4.70423
-4.70415
-4.70382
-4.70477
-4.70413
-4.70309
-4.70357
-4.70417
-4.70348
-4.70317
-4.70278
-4.70249
-4.70248
-4.70201
-4.70108
-4.70152
-4.70226
-4.70255
-4.70134
-4.70059
-4.70075
-4.70004
-4.70026
-4.70054
-4.7001
-4.70017
-4.70014
-4.70133
-4.70162
-4.70191
-4.70218
-4.70303
-4.70299
-4.70311
-4.7028
-4.70356
-4.70327
-4.70354
-4.70435
-4.70492
-4.70482
-4.70425
-4.70401
-4.70463
-4.70476
-4.70466
-4.70422
-4.70513
-4.70492
-4.70518
-4.70389
-4.70313
-4.70357
-4.70342
-4.7034
-4.70438
-4.70464
-4.70503
-4.70461
-4.70546
-4.70545
-4.70565
-4.70561
-4.70539
-4.7047
-4.70448
-4.70371
-4.70316
-4.70329
-4.70424
-4.70344
-4.7042
-4.70363
-4.70459
-4.70432
-4.70419
-4.70464
-4.70505
-4.70393
-4.70428
-4.70429
-4.7035
-4.70296
-4.70269
-4.7024
-4.70181
-4.70199
-4.70264
-4.70287
-4.70314
-4.70328
-4.70254
-4.70257
-4.70229
-4.70229
-4.70119
-4.70081
-4.70144
-4.70115
-4.70146
-4.70164
-4.70094
-4.69982
-4.69932
-4.69945
-4.69897
-4.69878
-4.69933
-4.69879
-4.69883
-4.69885
-4.69921
-4.69951
-4.69845
-4.69789
-4.69824
-4.69943
-4.70031
-4.7008
-4.70222
-4.70213
-4.70161
-4.70126
-4.70127
-4.70088
-4.70044
-4.69997
-4.69982
-4.69987
-4.70013
-4.7
-3.91654
-3.91532
-3.9151
-3.91559
-3.91529
-3.91422
-3.91484
-3.91492
-3.91569
-3.91561
-3.91594
-3.91686
-3.91776
-3.91769
-3.91759
-3.91819
-3.91782
-3.91841
-3.91833
-3.91933
-3.92021
-3.92004
-3.92066
-3.92082
-3.91992
-3.91877
-3.91788
-3.91704
-3.91575
-3.91562
-3.91416
-3.91464
-3.91482
-3.91502
-3.91642
-3.91711
-3.91799
-3.91873
-3.91908
-3.91887
-3.91784
-3.9185
-3.91867
-3.91829
-3.91813
-3.91788
-3.91804
-3.91715
-3.91679
-3.91649
-3.91632
-3.91475
-3.91411
-3.91424
-3.91416
-3.91464
-3.91399
-3.91497
-3.91652
-3.91609
-3.91673
-3.91672
-3.91692
-3.91714
-3.91662
-3.91571
-3.91462
-3.91464
-3.91475
-3.91406
-3.91512
-3.91592
-3.91674
-3.91663
-3.91799
-3.91807
-3.91793
-3.91818
-3.91777
-3.91879
-3.91897
-3.9177
-3.9168
-3.91632
-3.91526
-3.91473
-3.9145
-3.91448
-3.91504
-3.91588
-3.91739
-3.91806
-3.91891
-3.91844
-3.91795
-3.91851
-3.91837
-3.91811
-3.91631
-3.91522
-3.91534
-3.91519
-3.91505
-3.91456
-3.91537
-3.91455
-3.91459
-3.91511
-3.91515
-3.91527
-3.91503
-3.9152
-3.91537
-3.91633
-3.9174
-3.91747
-3.91658
-3.91737
-3.91662
-3.91719
-3.91658
-3.9165
-3.91545
-3.9157
-3.91589
-3.91482
-3.91503
-3.91527
-3.91594
-3.91612
-3.91612
-3.91431
-3.91512
-3.9147
-3.91507
-3.91546
-3.91656
-3.91674
-3.91723
-3.91732
-3.91667
-3.91653
-3.91605
-3.91533
-3.91476
-3.91425
-3.91311
-3.91198
-3.91089
-3.9101
-3.9111
-3.91157
-3.91267
-3.91342
-3.91256
-3.91303
-3.9127
-3.91223
-3.91185
-3.91104
-3.91121
-3.9107
-3.91023
-3.9092
-3.90945
-3.9095
-3.91103
-3.91117
-3.91152
-3.91249
-3.91239
-3.91346
-3.91357
-3.91389
-3.91257
-3.91229
-3.91204
-3.91124
-3.90966
-3.90872
-3.90955
-3.90995
-3.91024
-3.91037
-3.91066
-3.91087
-3.91102
-3.91055
-3.9107
-3.9101
-3.90943
-3.90953
-3.90932
-3.90972
-3.90928
-3.90867
-3.90723
-3.90746
-3.90859
-3.90873
-3.90904
-3.90834
-3.90867
-3.90911
-3.90988
-3.91012
-3.9098
-3.91048
-3.91205
-3.9118
-3.91274
-3.9132
-3.91348
-3.91405
-3.91447
-3.91505
-3.91476
-3.91527
-3.91461
-3.9147
-3.91516
-3.91599
-3.91553
-3.91533
-3.91455
-3.91396
-3.9139
-3.9153
-3.91557
-3.91514
-3.91562
-3.91531
-3.91538
-3.91586
-3.91646
-3.91723
-3.91725
-3.91774
-3.91762
-3.91778
-3.91837
-3.91804
-3.91771
-3.91786
-3.91746
-3.91774
-3.91873
-3.91827
-3.91946
-3.92072
-3.92046
-3.92003
-3.91898
-3.91798
-3.91781
-3.91699
-3.9166
-3.91458
-3.91488
-3.9136
-3.91349
-3.91365
-3.91377
-3.91432
-3.91484
-3.91565
-3.9158
-3.91708
-3.91658
-3.91802
-3.91822
-3.91849
-3.91867
-3.91856
-3.91845
-3.91883
-3.91945
-3.91841
-3.91723
-3.91605
-3.91528
-3.9149
-3.91435
-3.914
-3.91435
-3.91403
-3.91371
-3.91356
-3.9132
-3.91284
-3.91308
-3.91198
-3.91196
-3.91266
-3.91356
-3.91509
-3.91537
-3.91652
-3.91678
-3.91728
-3.91754
-3.91748
-3.91709
-3.91535
-3.91442
-3.91334
-3.91323
-3.91387
-3.91408
-3.91446
-3.91531
-3.9152
-3.91593
-3.91631
-3.9161
-3.91553
-3.91482
-3.91329
-3.91329
-3.91343
-3.91392
-3.91548
-3.91615
-3.91687
-3.91638
-3.91651
-3.91603
-3.91563
-3.91468
-3.91331
-3.91314
-3.91257
-3.91198
-3.91116
-3.90977
-3.90991
-3.91133
-3.91265
-3.91372
-3.91487
-3.91673
-3.91727
-3.91744
-3.91817
-3.91896
-3.91904
-3.91932
-3.91685
-3.91579
-3.91481
-3.91381
-3.91218
-3.91103
-3.91096
-3.91227
-3.91147
-3.91228
-3.91329
-3.91412
-3.91457
-3.9146
-3.91391
-3.91424
-3.91396
-3.91417
-3.91425
-3.9143
-3.9146
-3.91502
-3.91515
-3.91454
-3.91501
-3.91439
-3.91399
-3.9144
-3.91382
-3.91398
-3.91312
-3.91335
-3.91314
-3.91234
-3.91172
-3.91226
-3.91251
-3.91219
-3.91229
-3.91347
-3.91382
-3.91374
-3.9129
-3.91339
-3.91345
-3.91284
-3.91322
-3.91398
-3.91446
-3.91564
-3.9167
-3.91773
-3.91682
-3.51737
-3.51731
-3.51603
-3.51432
-3.51359
-3.51186
-3.512
-3.5129
-3.51419
-3.5151
-3.51398
-3.51452
-3.51393
-3.51323
-3.51322
-3.51313
-3.51444
-3.51583
-3.51603
-3.51714
-3.51815
-3.51819
-3.51705
-3.51604
-3.51632
-3.51628
-3.51703
-3.51814
-3.51807
-3.51899
-3.52012
-3.52007
-3.52007
-3.51939
-3.51932
-3.51819
-3.51689
-3.51838
-3.51935
-3.51875
-3.51969
-3.52042
-3.51894
-3.51854
-3.51793
-3.51706
-3.5149
-3.51308
-3.51238
-3.51132
-3.51081
-3.51072
-3.51056
-3.5113
-3.51063
-3.51303
-3.51533
-3.51606
-3.51749
-3.51798
-3.51895
-3.52018
-3.52004
-3.51977
-3.51913
-3.51849
-3.51868
-3.51736
-3.51678
-3.51584
-3.51553
-3.51561
-3.51677
-3.51651
-3.51691
-3.51635
-3.51484
-3.51485
-3.51446
-3.51511
-3.51537
-3.51544
-3.51677
-3.51773
-3.51804
-3.51759
-3.51778
-3.51818
-3.51771
-3.51732
-3.51705
-3.51639
-3.51758
-3.51821
-3.5195
-3.51998
-3.51926
-3.51792
-3.51847
-3.51795
-3.51806
-3.51868
-3.51787
-3.5171
-3.51699
-3.51633
-3.51535
-3.5156
-3.51516
-3.51503
-3.5155
-3.51621
-3.51664
-3.51767
-3.51771
-3.51759
-3.51675
-3.51702
-3.51644
-3.51571
-3.51613
-3.51559
-3.51608
-3.51684
-3.51725
-3.51726
-3.51664
-3.51715
-3.51682
-3.51738
-3.51752
-3.51609
-3.51625
-3.51618
-3.51521
-3.51539
-3.51456
-3.51424
-3.51404
-3.51362
-3.51356
-3.51373
-3.51377
-3.51426
-3.51369
-3.5138
-3.51504
-3.51654
-3.51578
-3.51528
-3.51483
-3.51391
-3.5141
-3.51423
-3.51501
-3.51484
-3.51531
-3.5156
-3.51673
-3.51743
-3.51655
-3.51647
-3.51649
-3.51509
-3.5143
-3.51518
-3.51564
-3.516
-3.51574
-3.51648
-3.51614
-3.51568
-3.51538
-3.51533
-3.51588
-3.51599
-3.51653
-3.51633
-3.51613
-3.51569
-3.51466
-3.51513
-3.51434
-3.51356
-3.51372
-3.51404
-3.51307
-3.51286
-3.51275
-3.51332
-3.51322
-3.51409
-3.51335
-3.51369
-3.51376
-3.51343
-3.51388
-3.51366
-3.51289
-3.51269
-3.51367
-3.51412
-3.51378
-3.51473
-3.51488
-3.51525
-3.51558
-3.51643
-3.5173
-3.51763
-3.51651
-3.51677
-3.51784
-3.51739
-3.51671
-3.51568
-3.51557
-3.51394
-3.51322
-3.51352
-3.51323
-3.51357
-3.51358
-3.51425
-3.51503
-3.51683
-3.51605
-3.51578
-3.51452
-3.51472
-3.51505
-3.51532
-3.51477
-3.51402
-3.5141
-3.51299
-3.5126
-3.51199
-3.51228
-3.51257
-3.5138
-3.51475
-3.51558
-3.51536
-3.51666
-3.51754
-3.51747
-3.51627
-3.51613
-3.51646
-3.517
-3.517
-3.51769
-3.51813
-3.5178
-3.51851
-3.51926
-3.52031
-3.52012
-3.52127
-3.52084
-3.52058
-3.52055
-3.52135
-3.52028
-3.5204
-3.52015
-3.51867
-3.518
-3.51757
-3.51576
-3.51587
-3.5158
-3.51551
-3.51557
-3.5167
-3.51802
-3.51766
-3.51861
-3.5186
-3.51967
-3.5205
-3.52166
-3.52236
-3.52271
-3.52278
-3.52339
-3.52445
-3.52503
-3.52467
-3.52372
-3.52258
-3.52049
-3.5185
-3.51809
-3.51702
-3.51721
-3.51741
-3.51716
-3.51712
-3.51684
-3.51792
-3.51803
-3.51916
-3.52047
-3.52016
-3.5194
-3.51878
-3.51746
-3.515
-3.51381
-3.51358
-3.51349
-3.51399
-3.51496
-3.51523
-3.51499
-3.51602
-3.51608
-3.51689
-3.51708
-3.51772
-3.51766
-3.51778
-3.5166
-3.51663
-3.51513
-3.51578
-3.51581
-3.51675
-3.51711
-3.51686
-3.51675
-3.51608
-3.51613
-3.51561
-3.51633
-3.51585
-3.51564
-3.51478
-3.51515
-3.51468
-3.51523
-3.51584
-3.51541
-3.51508
-3.51435
-3.51458
-3.51474
-3.51459
-3.51526
-3.51683
-3.51678
-3.51719
-3.51807
-3.51838
-3.51806
-3.51769
-3.51741
-3.51743
-3.51624
-3.51566
-3.51613
-3.51644
-3.51733
-3.51957
-3.52007
-3.51991
-3.52044
-3.51952
-3.51856
-3.51789
-3.51721
-3.51546
-3.51437
-3.51428
-3.51429
-3.5142
-3.51518
-3.51567
-3.51561
-3.51646
-3.51753
-3.51741
-3.51862
-3.51787
-3.51734
-3.51741
-3.51738
-3.51741
-3.51697
-3.51603
-3.51516
-3.51536
-3.51446
-3.51466
-3.51444
-3.51432
-3.51402
-3.51409
-3.42216
-3.42186
-3.42193
-3.42254
-3.42229
-3.42288
-3.42284
-3.42392
-3.42308
-3.42189
-3.42066
-3.42048
-3.41958
-3.42035
-3.42109
-3.42194
-3.42186
-3.42275
-3.42284
-3.42216
-3.42172
-3.4217
-3.42059
-3.42065
-3.41995
-3.42094
-3.42058
-3.42094
-3.42175
-3.42185
-3.42096
-3.42061
-3.42252
-3.42239
-3.42205
-3.42202
-3.42305
-3.42249
-3.42315
-3.42295
-3.42296
-3.42302
-3.42246
-3.42235
-3.4229
-3.4235
-3.42331
-3.42308
-3.42457
-3.42482
-3.42647
-3.42664
-3.42633
-3.42651
-3.42572
-3.42461
-3.42362
-3.42302
-3.42191
-3.42253
-3.42206
-3.42241
-3.4222
-3.42256
-3.42253
-3.42251
-3.42185
-3.42167
-3.42086
-3.4211
-3.42198
-3.42269
-3.4221
-3.42183
-3.42105
-3.42073
-3.42058
-3.42216
-3.42196
-3.42268
-3.42439
-3.42433
-3.42474
-3.42447
-3.42514
-3.42362
-3.42397
-3.42486
-3.42478
-3.4247
-3.42376
-3.42379
-3.42376
-3.42306
-3.42167
-3.4221
-3.4226
-3.42323
-3.42336
-3.42261
-3.42234
-3.42122
-3.42104
-3.42143
-3.42259
-3.42465
-3.42489
-3.42673
-3.42785
-3.42955
-3.42836
-3.4285
-3.42815
-3.42719
-3.42557
-3.42463
-3.42414
-3.42314
-3.42234
-3.42173
-3.42229
-3.42339
-3.42387
-3.4243
-3.42458
-3.42475
-3.42449
-3.42403
-3.42421
-3.42386
-3.42278
-3.42394
-3.42461
-3.42474
-3.42675
-3.42651
-3.42623
-3.42638
-3.42602
-3.42573
-3.42568
-3.42477
-3.42432
-3.42454
-3.42572
-3.42747
-3.4287
-3.42957
-3.43051
-3.43019
-3.42939
-3.42879
-3.42751
-3.42636
-3.42622
-3.42574
-3.42576
-3.42632
-3.42659
-3.42673
-3.42578
-3.42629
-3.42535
-3.42557
-3.42574
-3.42587
-3.42683
-3.42691
-3.42839
-3.42985
-3.43113
-3.43183
-3.43225
-3.43201
-3.43149
-3.43199
-3.43168
-3.43078
-3.43001
-3.4288
-3.4273
-3.42517
-3.42495
-3.42459
-3.42478
-3.42473
-3.42449
-3.42538
-3.42587
-3.42629
-3.42717
-3.42705
-3.42674
-3.4256
-3.42552
-3.42528
-3.42436
-3.42358
-3.42239
-3.42209
-3.422
-3.42157
-3.42145
-3.42139
-3.42196
-3.42216
-3.42231
-3.4222
-3.42168
-3.42166
-3.42088
-3.42094
-3.42126
-3.42256
-3.4229
-3.42359
-3.42491
-3.42405
-3.42289
-3.42278
-3.42143
-3.4209
-3.42077
-3.42013
-3.41974
-3.42082
-3.42022
-3.42055
-3.42166
-3.42189
-3.42206
-3.42342
-3.42391
-3.42547
-3.42536
-3.42524
-3.42388
-3.42355
-3.42353
-3.42298
-3.42311
-3.42363
-3.42395
-3.42483
-3.42525
-3.42556
-3.42488
-3.42402
-3.42265
-3.42105
-3.42015
-3.41986
-3.42022
-3.42002
-3.41925
-3.4189
-3.41859
-3.41996
-3.42002
-3.42005
-3.42029
-3.42071
-3.42011
-3.42009
-3.42019
-3.42
-3.41953
-3.41927
-3.41868
-3.41803
-3.41822
-3.41861
-3.4206
-3.42148
-3.4233
-3.42452
-3.42479
-3.42508
-3.42556
-3.42533
-3.4266
-3.42706
-3.42762
-3.42679
-3.42557
-3.42464
-3.42518
-3.425
-3.42492
-3.42565
-3.42619
-3.42612
-3.42599
-3.42593
-3.42649
-3.42578
-3.42501
-3.42581
-3.42579
-3.42723
-3.42735
-3.42737
-3.42703
-3.42584
-3.42454
-3.42263
-3.42207
-3.42231
-3.42239
-3.42278
-3.42272
-3.4229
-3.42361
-3.42457
-3.42546
-3.42595
-3.42559
-3.42564
-3.42508
-3.42516
-3.42449
-3.42403
-3.42384
-3.42294
-3.4213
-3.42005
-3.41974
-3.41855
-3.41795
-3.41754
-3.41618
-3.4154
-3.41615
-3.4162
-3.41689
-3.41867
-3.4197
-3.4208
-3.4222
-3.42268
-3.42433
-3.42614
-3.42715
-3.42616
-3.42467
-3.42275
-3.4233
-3.42261
-3.42207
-3.42037
-3.41883
-3.41973
-3.4196
-3.41954
-3.41979
-3.41982
-3.42182
-3.42212
-3.42187
-3.42204
-3.42131
-3.42049
-3.41936
-3.41907
-3.41852
-3.41827
-3.41809
-3.41948
-3.4212
-3.42457
-3.42659
-3.42756
-3.42728
-3.42579
-3.42481
-3.42397
-3.42377
-3.42311
-3.42295
-3.42241
-3.42099
-3.42059
-3.42094
-3.42063
-3.42186
-3.42206
-3.42255
-3.42325
-3.42367
-3.42353
-3.42492
-3.42536
-3.42626
-3.42708
-3.42745
-3.42673
-3.42579
-3.42458
-3.42296
-3.42331
-3.38853
-3.38877
-3.38954
-3.38954
-3.38876
-3.38826
-3.38878
-3.38849
-3.3895
-3.39019
-3.3907
-3.39013
-3.38969
-3.38969
-3.38968
-3.38875
-3.38839
-3.38787
-3.38785
-3.38626
-3.3869
-3.38716
-3.38798
-3.38865
-3.38839
-3.38804
-3.38859
-3.38938
-3.38877
-3.38764
-3.38695
-3.38678
-3.388
-3.38855
-3.38899
-3.38943
-3.38945
-3.39054
-3.39047
-3.38984
-3.38963
-3.38951
-3.38924
-3.38813
-3.38717
-3.38577
-3.38592
-3.38518
-3.38612
-3.38631
-3.3859
-3.38566
-3.38521
-3.38569
-3.38697
-3.38788
-3.38832
-3.3907
-3.39054
-3.39047
-3.3907
-3.38923
-3.38871
-3.38876
-3.38821
-3.38722
-3.38742
-3.38817
-3.38838
-3.38886
-3.38837
-3.38825
-3.38846
-3.38789
-3.38847
-3.38952
-3.39031
-3.38991
-3.38915
-3.38844
-3.38924
-3.38894
-3.38806
-3.38885
-3.38777
-3.38768
-3.38739
-3.38775
-3.38877
-3.38831
-3.38658
-3.38564
-3.38673
-3.38717
-3.38651
-3.38744
-3.38791
-3.38655
-3.38621
-3.38472
-3.38464
-3.38462
-3.38646
-3.38731
-3.38907
-3.38988
-3.39092
-3.39176
-3.39356
-3.39376
-3.39292
-3.3924
-3.39192
-3.39385
-3.39354
-3.39396
-3.3938
-3.39434
-3.39433
-3.3941
-3.39298
-3.39244
-3.39233
-3.39253
-3.39336
-3.39307
-3.39308
-3.39286
-3.39421
-3.39449
-3.39622
-3.39689
-3.39786
-3.39737
-3.39611
-3.39528
-3.39445
-3.39414
-3.3931
-3.39149
-3.38933
-3.38935
-3.38954
-3.38983
-3.39032
-3.3918
-3.39282
-3.39583
-3.3971
-3.39739
-3.39746
-3.39684
-3.39617
-3.39517
-3.39424
-3.39375
-3.39366
-3.39423
-3.39438
-3.39386
-3.39292
-3.39269
-3.39343
-3.39287
-3.39353
-3.39423
-3.39451
-3.39464
-3.39295
-3.39224
-3.3912
-3.3915
-3.3921
-3.39229
-3.39268
-3.3946
-3.39465
-3.39505
-3.39424
-3.39496
-3.39424
-3.39302
-3.3912
-3.39152
-3.39104
-3.39126
-3.3922
-3.39219
-3.3929
-3.39336
-3.39228
-3.39093
-3.39089
-3.39086
-3.39004
-3.38875
-3.38899
-3.38946
-3.39055
-3.39137
-3.39206
-3.39412
-3.39402
-3.39391
-3.39321
-3.39183
-3.3913
-3.3907
-3.39103
-3.3908
-3.39131
-3.39222
-3.39272
-3.39297
-3.39269
-3.392
-3.391
-3.39123
-3.3925
-3.39178
-3.39143
-3.39175
-3.39165
-3.39114
-3.39295
-3.39387
-3.39437
-3.39416
-3.39488
-3.39468
-3.39394
-3.39348
-3.39324
-3.39314
-3.3931
-3.39152
-3.39046
-3.39107
-3.39222
-3.39236
-3.39231
-3.39219
-3.39067
-3.39028
-3.39014
-3.39012
-3.38933
-3.39023
-3.39071
-3.39141
-3.39121
-3.39015
-3.38902
-3.38846
-3.38815
-3.3873
-3.3874
-3.38733
-3.38771
-3.38727
-3.38796
-3.38898
-3.39004
-3.39076
-3.39189
-3.39215
-3.39117
-3.39035
-3.3893
-3.38808
-3.38757
-3.38771
-3.38683
-3.38682
-3.38819
-3.38869
-3.38851
-3.3886
-3.3889
-3.38815
-3.38739
-3.38617
-3.38536
-3.38427
-3.38331
-3.38213
-3.38324
-3.38482
-3.38654
-3.38943
-3.39079
-3.39106
-3.39122
-3.39007
-3.38985
-3.3895
-3.38821
-3.38648
-3.38635
-3.38589
-3.3861
-3.38588
-3.38655
-3.38775
-3.38963
-3.38897
-3.38951
-3.38987
-3.39022
-3.39018
-3.38977
-3.38975
-3.38993
-3.38857
-3.38871
-3.38737
-3.38673
-3.38615
-3.38447
-3.38433
-3.38498
-3.38583
-3.3879
-3.38848
-3.38862
-3.38946
-3.3902
-3.3908
-3.39041
-3.38973
-3.39044
-3.39183
-3.39157
-3.39125
-3.39169
-3.39305
-3.39423
-3.39496
-3.39433
-3.39461
-3.3933
-3.3928
-3.39088
-3.3921
-3.39082
-3.39043
-3.39017
-3.39076
-3.39136
-3.39145
-3.392
-3.39187
-3.39238
-3.39261
-3.3936
-3.39333
-3.39404
-3.39407
-3.39296
-3.39278
-3.39315
-3.39392
-3.39423
-3.39403
-3.39454
-3.39381
-3.39398
-3.39474
-3.39387
-3.3922
-3.39267
-3.39435
-3.39539
-3.39579
-3.39611
-3.39625
-3.39682
-3.39597
-3.39499
-3.39336
-3.39207
-3.39135
-3.39126
-3.39233
-3.39387
-3.39377
-3.39379
-3.39544
-3.39517
-3.39367
-3.39382
-3.39309
-3.3928
-3.39264
-3.39217
-3.39169
-3.39126
-3.39136
-3.39093
-3.38983
-3.31618
-3.3164
-3.31476
-3.31536
-3.31511
-3.31561
-3.31542
-3.31559
-3.31597
-3.31629
-3.31794
-3.31826
-3.31865
-3.31808
-3.31832
-3.31757
-3.31688
-3.31634
-3.31544
-3.31509
-3.31499
-3.31557
-3.31452
-3.31473
-3.31524
-3.31692
-3.31767
-3.31851
-3.31715
-3.31702
-3.31559
-3.31466
-3.31393
-3.31321
-3.31347
-3.31303
-3.31258
-3.31137
-3.31156
-3.31131
-3.31292
-3.31504
-3.31574
-3.31747
-3.31856
-3.31882
-3.31934
-3.31867
-3.31742
-3.31669
-3.31622
-3.31518
-3.31275
-3.31142
-3.31126
-3.31054
-3.30866
-3.30915
-3.30932
-3.31111
-3.3135
-3.31433
-3.31421
-3.31513
-3.31434
-3.31537
-3.31486
-3.31504
-3.31535
-3.31529
-3.31579
-3.31544
-3.31479
-3.31514
-3.31632
-3.31663
-3.31665
-3.31669
-3.31706
-3.31726
-3.31664
-3.31679
-3.31727
-3.31763
-3.31682
-3.31577
-3.31376
-3.31327
-3.31186
-3.31068
-3.31052
-3.31089
-3.3105
-3.31232
-3.3132
-3.31439
-3.31432
-3.31375
-3.31441
-3.31381
-3.31318
-3.31185
-3.31236
-3.3108
-3.31086
-3.30988
-3.30932
-3.30912
-3.30876
-3.30859
-3.30946
-3.31047
-3.31144
-3.31238
-3.3134
-3.31349
-3.31272
-3.3129
-3.31394
-3.31379
-3.31243
-3.31119
-3.30985
-3.3097
-3.30808
-3.30892
-3.30813
-3.30744
-3.3069
-3.30738
-3.30747
-3.30802
-3.31003
-3.31011
-3.3107
-3.31076
-3.30985
-3.31024
-3.30978
-3.30987
-3.31008
-3.30922
-3.30856
-3.3087
-3.31011
-3.31027
-3.31134
-3.31088
-3.31078
-3.31136
-3.31199
-3.31134
-3.31165
-3.31273
-3.31267
-3.31374
-3.31374
-3.31382
-3.31279
-3.31189
-3.31111
-3.31195
-3.31162
-3.31095
-3.30977
-3.31056
-3.3108
-3.31215
-3.31332
-3.31328
-3.3127
-3.31335
-3.31388
-3.3142
-3.31442
-3.31391
-3.31346
-3.31356
-3.31363
-3.31294
-3.31285
-3.3123
-3.31258
-3.31307
-3.314
-3.31616
-3.3169
-3.31676
-3.3159
-3.31588
-3.31528
-3.31448
-3.31535
-3.31737
-3.31878
-3.31941
-3.31959
-3.31944
-3.32107
-3.32007
-3.32118
-3.31911
-3.31827
-3.31665
-3.31725
-3.31761
-3.31787
-3.31874
-3.31925
-3.31914
-3.31889
-3.31792
-3.31719
-3.31581
-3.31515
-3.31472
-3.31493
-3.31626
-3.3177
-3.31819
-3.31736
-3.31587
-3.31565
-3.31537
-3.31666
-3.31718
-3.31616
-3.31622
-3.31579
-3.3162
-3.31634
-3.31686
-3.31744
-3.31823
-3.31854
-3.31835
-3.31779
-3.31861
-3.31699
-3.31555
-3.31452
-3.31375
-3.31392
-3.31281
-3.31335
-3.31334
-3.3137
-3.31457
-3.31497
-3.31689
-3.31848
-3.31827
-3.31837
-3.31829
-3.31877
-3.31776
-3.31742
-3.31722
-3.31646
-3.31533
-3.3157
-3.31673
-3.31632
-3.31703
-3.31713
-3.31771
-3.31822
-3.31802
-3.31782
-3.31763
-3.31728
-3.31666
-3.31565
-3.31534
-3.31575
-3.31565
-3.31516
-3.31447
-3.31381
-3.31335
-3.31386
-3.31391
-3.31554
-3.3171
-3.31732
-3.31672
-3.31554
-3.31419
-3.31368
-3.31469
-3.31682
-3.31799
-3.31932
-3.31988
-3.31974
-3.31843
-3.3177
-3.31608
-3.31482
-3.31484
-3.31609
-3.31639
-3.31686
-3.31824
-3.31862
-3.31957
-3.31941
-3.31964
-3.31795
-3.31691
-3.31517
-3.31403
-3.31433
-3.31274
-3.31248
-3.31123
-3.31226
-3.31372
-3.31361
-3.3142
-3.31384
-3.31325
-3.31306
-3.31416
-3.31452
-3.31576
-3.31785
-3.3184
-3.31836
-3.31864
-3.31888
-3.31663
-3.31694
-3.31596
-3.31539
-3.31428
-3.3126
-3.31189
-3.3114
-3.31176
-3.31333
-3.31514
-3.31587
-3.31625
-3.31676
-3.3168
-3.31709
-3.31747
-3.31611
-3.31562
-3.31316
-3.31165
-3.31142
-3.31166
-3.31242
-3.31289
-3.31291
-3.31437
-3.31464
-3.31446
-3.31454
-3.31464
-3.3145
-3.31518
-3.31607
-3.31661
-3.31687
-3.31785
-3.31793
-3.31878
-3.31829
-3.31725
-3.3172
-3.31713
-3.31497
-3.31325
-3.31288
-3.3123
-3.31226
-3.31274
-3.31395
-3.31425
-3.31516
-3.31539
-3.31589
-3.31575
-3.3159
-3.31542
-3.31539
-3.31589
-3.31686
-3.31569
-3.31566
-3.31722
-3.31804
-3.31873
-3.31945
-3.31996
-3.32083
-3.32093
-3.41334
-3.4126
-3.41181
-3.41238
-3.41175
-3.41232
-3.41224
-3.41293
-3.41309
-3.41275
-3.41291
-3.4125
-3.41242
-3.41105
-3.41033
-3.40956
-3.40809
-3.40794
-3.40781
-3.40877
-3.40985
-3.41191
-3.41266
-3.4131
-3.41294
-3.41199
-3.41251
-3.4122
-3.41165
-3.41055
-3.40978
-3.40907
-3.40843
-3.40943
-3.40958
-3.41041
-3.41093
-3.41094
-3.41128
-3.41112
-3.41117
-3.41081
-3.41069
-3.41016
-3.40899
-3.40943
-3.40896
-3.40785
-3.40854
-3.40773
-3.40723
-3.40833
-3.40727
-3.40636
-3.40626
-3.40613
-3.40692
-3.4073
-3.40936
-3.40986
-3.41146
-3.41297
-3.41244
-3.4119
-3.41153
-3.4113
-3.41093
-3.41133
-3.41067
-3.40962
-3.40839
-3.40772
-3.40551
-3.40414
-3.40265
-3.40175
-3.40182
-3.40281
-3.404
-3.40499
-3.40696
-3.40802
-3.40751
-3.40728
-3.40672
-3.40616
-3.40625
-3.40652
-3.40631
-3.40587
-3.4072
-3.40847
-3.40918
-3.41065
-3.41066
-3.41139
-3.41033
-3.41023
-3.4105
-3.41121
-3.40963
-3.41031
-3.40981
-3.40936
-3.40911
-3.40863
-3.4095
-3.40949
-3.409
-3.40954
-3.40978
-3.41059
-3.41181
-3.41177
-3.41147
-3.41183
-3.4104
-3.40964
-3.40933
-3.40905
-3.40955
-3.41093
-3.41225
-3.41281
-3.41317
-3.41432
-3.4146
-3.41551
-3.4158
-3.41568
-3.41576
-3.41642
-3.41724
-3.41739
-3.41696
-3.41684
-3.41734
-3.41736
-3.41612
-3.41482
-3.41444
-3.41272
-3.4119
-3.41276
-3.41323
-3.41329
-3.41496
-3.41527
-3.41571
-3.41516
-3.41502
-3.41453
-3.41401
-3.41386
-3.41321
-3.41385
-3.41385
-3.41413
-3.41369
-3.4128
-3.41287
-3.41274
-3.41322
-3.41283
-3.41278
-3.41366
-3.41341
-3.41414
-3.41341
-3.4117
-3.41187
-3.41032
-3.41045
-3.40974
-3.4121
-3.41415
-3.41604
-3.41659
-3.41531
-3.41391
-3.412
-3.41097
-3.40997
-3.40895
-3.40795
-3.40812
-3.4082
-3.40766
-3.40724
-3.40855
-3.40851
-3.40827
-3.40747
-3.40792
-3.40753
-3.4074
-3.40762
-3.40825
-3.40825
-3.40907
-3.41138
-3.41209
-3.4124
-3.41274
-3.4127
-3.41214
-3.41163
-3.40951
-3.40801
-3.40643
-3.40674
-3.40841
-3.4095
-3.41088
-3.40989
-3.40967
-3.41002
-3.40851
-3.40834
-3.40881
-3.40897
-3.41017
-3.41043
-3.41105
-3.41185
-3.41123
-3.41166
-3.41128
-3.41122
-3.41164
-3.41216
-3.41147
-3.4115
-3.4113
-3.41062
-3.41081
-3.41097
-3.41103
-3.41147
-3.41158
-3.41239
-3.41163
-3.41087
-3.40997
-3.40956
-3.41021
-3.40991
-3.4109
-3.41102
-3.41016
-3.40961
-3.40933
-3.40923
-3.40958
-3.40969
-3.40902
-3.40991
-3.4104
-3.41249
-3.41201
-3.41199
-3.41198
-3.41104
-3.41082
-3.41181
-3.4109
-3.41106
-3.41202
-3.41272
-3.41244
-3.41346
-3.41368
-3.41316
-3.4135
-3.41325
-3.41146
-3.41087
-3.41027
-3.40991
-3.41083
-3.41066
-3.41105
-3.41033
-3.41024
-3.40887
-3.40887
-3.40885
-3.40948
-3.4093
-3.41026
-3.41153
-3.41245
-3.41259
-3.41311
-3.41472
-3.41421
-3.41336
-3.41239
-3.41217
-3.41303
-3.41312
-3.41284
-3.41161
-3.41102
-3.41082
-3.41085
-3.41056
-3.40994
-3.40995
-3.41011
-3.40947
-3.40979
-3.40927
-3.40952
-3.41032
-3.41129
-3.41148
-3.41163
-3.41203
-3.41277
-3.41231
-3.4121
-3.41255
-3.41257
-3.41085
-3.41066
-3.40883
-3.40888
-3.40734
-3.40645
-3.40741
-3.40854
-3.40856
-3.40912
-3.40901
-3.40929
-3.40857
-3.40874
-3.40798
-3.40732
-3.4079
-3.40896
-3.40962
-3.41
-3.41017
-3.41124
-3.41108
-3.41116
-3.41
-3.40882
-3.40779
-3.40699
-3.4066
-3.4058
-3.40602
-3.40615
-3.40663
-3.40607
-3.40466
-3.40427
-3.40304
-3.40374
-3.40537
-3.40612
-3.40749
-3.40849
-3.40814
-3.40771
-3.40868
-3.40939
-3.40908
-3.40983
-3.40904
-3.40749
-3.40725
-3.40796
-3.408
-3.40809
-3.40773
-3.40733
-3.40719
-3.40691
-3.40662
-3.40703
-3.40733
-3.40895
-3.40894
-3.40937
-3.40917
-3.40903
-3.40918
-3.40824
-3.40668
-3.40669
-3.40754
-3.4083
-3.40897
-3.40975
-3.41017
-3.41023
-3.34137
-3.34179
-3.3415
-3.34043
-3.34044
-3.34001
-3.33993
-3.33916
-3.33836
-3.33802
-3.33698
-3.33681
-3.33559
-3.33543
-3.33668
-3.33672
-3.33775
-3.33885
-3.3394
-3.33856
-3.33753
-3.33823
-3.33763
-3.33761
-3.33761
-3.33777
-3.33669
-3.33827
-3.33904
-3.33991
-3.34131
-3.34066
-3.34169
-3.34205
-3.34259
-3.34264
-3.34185
-3.34237
-3.34187
-3.34257
-3.34196
-3.34134
-3.34156
-3.34211
-3.34256
-3.34351
-3.34432
-3.34414
-3.34395
-3.34261
-3.34339
-3.34301
-3.3418
-3.3404
-3.33961
-3.33952
-3.34102
-3.34031
-3.33928
-3.34032
-3.3403
-3.34122
-3.34143
-3.34202
-3.34148
-3.34083
-3.33956
-3.33939
-3.33949
-3.33879
-3.33951
-3.34039
-3.3397
-3.33942
-3.33805
-3.33687
-3.33686
-3.33676
-3.33716
-3.3374
-3.33734
-3.33927
-3.34055
-3.34143
-3.34171
-3.34306
-3.34284
-3.34202
-3.34183
-3.34073
-3.3399
-3.33934
-3.34
-3.34145
-3.34224
-3.34205
-3.34141
-3.34103
-3.34101
-3.34178
-3.34115
-3.34052
-3.34133
-3.34175
-3.34117
-3.34127
-3.34155
-3.34177
-3.3417
-3.34064
-3.34013
-3.34017
-3.33986
-3.34002
-3.34146
-3.34166
-3.34182
-3.34357
-3.34371
-3.34467
-3.34507
-3.34582
-3.34595
-3.34595
-3.34591
-3.34585
-3.34517
-3.34385
-3.34367
-3.34357
-3.34393
-3.34387
-3.34438
-3.34468
-3.34517
-3.34447
-3.34416
-3.34335
-3.34295
-3.34218
-3.34147
-3.34114
-3.34091
-3.34186
-3.34373
-3.3457
-3.34731
-3.34796
-3.3491
-3.34926
-3.34816
-3.34586
-3.34464
-3.34391
-3.34274
-3.34095
-3.34088
-3.34025
-3.33989
-3.34022
-3.34124
-3.34183
-3.34332
-3.34444
-3.34443
-3.34497
-3.34449
-3.34342
-3.34356
-3.34391
-3.34346
-3.34398
-3.34425
-3.34349
-3.34321
-3.34313
-3.34295
-3.34097
-3.34107
-3.34098
-3.34041
-3.34061
-3.34021
-3.33979
-3.33883
-3.33812
-3.33714
-3.33708
-3.33774
-3.33821
-3.33915
-3.34108
-3.34256
-3.34271
-3.34456
-3.34507
-3.34528
-3.34586
-3.34648
-3.34463
-3.34233
-3.34134
-3.34032
-3.33982
-3.34024
-3.33973
-3.33954
-3.34037
-3.34153
-3.34273
-3.34288
-3.3434
-3.34309
-3.34233
-3.342
-3.34103
-3.34134
-3.3402
-3.33943
-3.33981
-3.33931
-3.33979
-3.34002
-3.34035
-3.33963
-3.34064
-3.34101
-3.3409
-3.34136
-3.33981
-3.33947
-3.33976
-3.34012
-3.34081
-3.34226
-3.34345
-3.34339
-3.3421
-3.34145
-3.34077
-3.33984
-3.33913
-3.33935
-3.33896
-3.33908
-3.33842
-3.3381
-3.33841
-3.3377
-3.33653
-3.33685
-3.33712
-3.33753
-3.33807
-3.33844
-3.33954
-3.33996
-3.3411
-3.34129
-3.34025
-3.33925
-3.33882
-3.33785
-3.33662
-3.33619
-3.33577
-3.3352
-3.33533
-3.33533
-3.33448
-3.33532
-3.33433
-3.33459
-3.3345
-3.33608
-3.33631
-3.33812
-3.33908
-3.34007
-3.34117
-3.34201
-3.34113
-3.34197
-3.34288
-3.34325
-3.34299
-3.34261
-3.34166
-3.34148
-3.34182
-3.34129
-3.34052
-3.34131
-3.34138
-3.34131
-3.34162
-3.34096
-3.34083
-3.34172
-3.34203
-3.34135
-3.34112
-3.34218
-3.34145
-3.34055
-3.33946
-3.34009
-3.34078
-3.34077
-3.34058
-3.34143
-3.34137
-3.34237
-3.34156
-3.34031
-3.34003
-3.33966
-3.34024
-3.34019
-3.33984
-3.34092
-3.34091
-3.34108
-3.34133
-3.34227
-3.34256
-3.34299
-3.34358
-3.3438
-3.34403
-3.34272
-3.3423
-3.34192
-3.34224
-3.34141
-3.3419
-3.34034
-3.33844
-3.33649
-3.33517
-3.3347
-3.33521
-3.33517
-3.3355
-3.33642
-3.33769
-3.33794
-3.33876
-3.33892
-3.33869
-3.33849
-3.3386
-3.3397
-3.33961
-3.3398
-3.33957
-3.33836
-3.33865
-3.33883
-3.33891
-3.33875
-3.33869
-3.33901
-3.33955
-3.33984
-3.34045
-3.33974
-3.34023
-3.34116
-3.34162
-3.34212
-3.34207
-3.34281
-3.34213
-3.34212
-3.34202
-3.3414
-3.34212
-3.34253
-3.34231
-3.34285
-3.34176
-3.34063
-3.33971
-3.3388
-3.33775
-3.33853
-3.3393
-3.34012
-3.34128
-3.34147
-3.34129
-3.34106
-3.34104
-3.34141
-3.34092
-3.34106
-3.34107
-3.34125
-3.34114
-3.38894
-3.38925
-3.39034
-3.38977
-3.38933
-3.3898
-3.3891
-3.38915
-3.3887
-3.38901
-3.38862
-3.38842
-3.38883
-3.38937
-3.38933
-3.38982
-3.38975
-3.38942
-3.38955
-3.39038
-3.39033
-3.39041
-3.39141
-3.39045
-3.3904
-3.39077
-3.39041
-3.39032
-3.38984
-3.38933
-3.3885
-3.38737
-3.38707
-3.38601
-3.38491
-3.38448
-3.38419
-3.38543
-3.38733
-3.38855
-3.39022
-3.3912
-3.39009
-3.39007
-3.38927
-3.38895
-3.38899
-3.38979
-3.38984
-3.39042
-3.39109
-3.39155
-3.39202
-3.3923
-3.39252
-3.39196
-3.3917
-3.39093
-3.39046
-3.39015
-3.38959
-3.38824
-3.38856
-3.38869
-3.38968
-3.39005
-3.38992
-3.39078
-3.39109
-3.39136
-3.39098
-3.39097
-3.3908
-3.39101
-3.39116
-3.39167
-3.39149
-3.39285
-3.39388
-3.39434
-3.3941
-3.39313
-3.39189
-3.39069
-3.38995
-3.39004
-3.389
-3.3894
-3.38804
-3.38812
-3.38903
-3.38926
-3.39129
-3.39242
-3.39322
-3.39413
-3.39412
-3.39323
-3.39201
-3.39079
-3.3903
-3.38946
-3.3871
-3.38641
-3.38663
-3.38596
-3.3869
-3.38741
-3.38883
-3.38948
-3.39137
-3.39132
-3.39069
-3.39109
-3.39111
-3.39101
-3.3916
-3.3923
-3.39308
-3.39358
-3.39323
-3.39379
-3.39375
-3.39365
-3.39242
-3.39151
-3.3917
-3.39172
-3.39236
-3.39363
-3.39322
-3.39305
-3.39227
-3.39198
-3.39167
-3.39144
-3.39155
-3.39174
-3.39101
-3.39083
-3.39178
-3.3909
-3.39111
-3.39026
-3.39085
-3.39263
-3.39337
-3.39417
-3.39324
-3.39287
-3.39199
-3.39043
-3.38934
-3.38925
-3.39004
-3.3902
-3.38984
-3.38976
-3.3887
-3.38859
-3.38743
-3.38857
-3.38891
-3.38944
-3.39014
-3.39057
-3.39203
-3.39217
-3.39226
-3.39116
-3.39023
-3.38886
-3.3879
-3.38704
-3.387
-3.38856
-3.38982
-3.39032
-3.39112
-3.39146
-3.39158
-3.39225
-3.3935
-3.39507
-3.39491
-3.39494
-3.39397
-3.39297
-3.3916
-3.39133
-3.39152
-3.39127
-3.39042
-3.38988
-3.38949
-3.39047
-3.38984
-3.38823
-3.38805
-3.38691
-3.3857
-3.38519
-3.38541
-3.38662
-3.38885
-3.39171
-3.39307
-3.39356
-3.39392
-3.39303
-3.39154
-3.39031
-3.38952
-3.38826
-3.38845
-3.38872
-3.38901
-3.38909
-3.38888
-3.38815
-3.3872
-3.38569
-3.3864
-3.38663
-3.38789
-3.38839
-3.38764
-3.38697
-3.38622
-3.38484
-3.3828
-3.38195
-3.381
-3.37937
-3.37911
-3.37954
-3.38007
-3.38145
-3.38299
-3.38569
-3.38777
-3.38933
-3.38936
-3.38885
-3.38937
-3.38825
-3.38584
-3.38594
-3.38561
-3.38579
-3.38494
-3.38513
-3.38622
-3.38548
-3.38393
-3.38373
-3.38367
-3.38436
-3.38421
-3.38346
-3.38312
-3.38292
-3.3846
-3.38637
-3.38658
-3.38716
-3.38737
-3.38781
-3.38938
-3.39004
-3.3896
-3.38987
-3.39001
-3.38995
-3.39039
-3.39033
-3.38983
-3.38998
-3.39033
-3.38951
-3.39015
-3.39074
-3.39133
-3.39071
-3.39091
-3.39213
-3.3918
-3.39143
-3.39082
-3.38994
-3.38953
-3.38961
-3.38901
-3.38908
-3.38821
-3.38714
-3.38638
-3.38539
-3.38618
-3.38717
-3.38784
-3.38845
-3.38886
-3.389
-3.38874
-3.38916
-3.38902
-3.38993
-3.39012
-3.39101
-3.39062
-3.39185
-3.39278
-3.39353
-3.39317
-3.39381
-3.39386
-3.39265
-3.39159
-3.39098
-3.38966
-3.38929
-3.38905
-3.38917
-3.38906
-3.38875
-3.38935
-3.38963
-3.38947
-3.38976
-3.38996
-3.38914
-3.38866
-3.38871
-3.38802
-3.38685
-3.38586
-3.38531
-3.38683
-3.38741
-3.38989
-3.39249
-3.39346
-3.39301
-3.3917
-3.39021
-3.39026
-3.3898
-3.38915
-3.38966
-3.39105
-3.39174
-3.39229
-3.39262
-3.39201
-3.39297
-3.39352
-3.39354
-3.39319
-3.39239
-3.39182
-3.39188
-3.39158
-3.39106
-3.39012
-3.39009
-3.3898
-3.38976
-3.38927
-3.38919
-3.38961
-3.38974
-3.39006
-3.39176
-3.39399
-3.39369
-3.39431
-3.39535
-3.39476
-3.39422
-3.3944
-3.39417
-3.39357
-3.39232
-3.39207
-3.39101
-3.39035
-3.39041
-3.39048
-3.38899
-3.38728
-3.38784
-3.38913
-3.38989
-3.3901
-3.39086
-3.39122
-3.39123
-3.39033
-3.38997
-3.4564
-3.45617
-3.4553
-3.45516
-3.45469
-3.45473
-3.45381
-3.45413
-3.45402
-3.45457
-3.45389
-3.45397
-3.45425
-3.45446
-3.45466
-3.45398
-3.45438
-3.45571
-3.45538
-3.45603
-3.45691
-3.4574
-3.45809
-3.45805
-3.45781
-3.45779
-3.45886
-3.45979
-3.46071
-3.46065
-3.45996
-3.46011
-3.45996
-3.45984
-3.45997
-3.46044
-3.45971
-3.46022
-3.45889
-3.45805
-3.45699
-3.45574
-3.45628
-3.45626
-3.45707
-3.45699
-3.45821
-3.45956
-3.46097
-3.46061
-3.46136
-3.4614
-3.46102
-3.46018
-3.45926
-3.45862
-3.45909
-3.45996
-3.46164
-3.46184
-3.46076
-3.46151
-3.46138
-3.46121
-3.46072
-3.4608
-3.45938
-3.45868
-3.45758
-3.45703
-3.45772
-3.45712
-3.45649
-3.45751
-3.45708
-3.45766
-3.45768
-3.45809
-3.45874
-3.45856
-3.45819
-3.45866
-3.45844
-3.45764
-3.45755
-3.45849
-3.46021
-3.46009
-3.46061
-3.46093
-3.46095
-3.46005
-3.45944
-3.45828
-3.45722
-3.45747
-3.45795
-3.45782
-3.45764
-3.45781
-3.45696
-3.45697
-3.45547
-3.45616
-3.45627
-3.45617
-3.45635
-3.45638
-3.45658
-3.45625
-3.45584
-3.45553
-3.45462
-3.45596
-3.45605
-3.45555
-3.45684
-3.45648
-3.45715
-3.45624
-3.45632
-3.45613
-3.45527
-3.45517
-3.45493
-3.45568
-3.45455
-3.45318
-3.45389
-3.454
-3.45521
-3.45611
-3.45705
-3.45732
-3.45749
-3.45802
-3.4583
-3.45858
-3.45794
-3.457
-3.45599
-3.45634
-3.45653
-3.45762
-3.45911
-3.45916
-3.45903
-3.45823
-3.45773
-3.45734
-3.45617
-3.45558
-3.45479
-3.45555
-3.45632
-3.45703
-3.45938
-3.45992
-3.46081
-3.46139
-3.46221
-3.46146
-3.4604
-3.46001
-3.46035
-3.46011
-3.4602
-3.46057
-3.46033
-3.45954
-3.45864
-3.45839
-3.45804
-3.45846
-3.45861
-3.45967
-3.45973
-3.46038
-3.46146
-3.46172
-3.46116
-3.46051
-3.46112
-3.46079
-3.46055
-3.46038
-3.45994
-3.45943
-3.45943
-3.46025
-3.46038
-3.46037
-3.4609
-3.46188
-3.46243
-3.46261
-3.46122
-3.45992
-3.4596
-3.45914
-3.4589
-3.45994
-3.45981
-3.46011
-3.45972
-3.45994
-3.46
-3.45848
-3.45884
-3.45807
-3.45843
-3.458
-3.45813
-3.45762
-3.45709
-3.45796
-3.45569
-3.45664
-3.45713
-3.45745
-3.45852
-3.45825
-3.458
-3.4584
-3.4577
-3.45734
-3.45736
-3.45548
-3.45535
-3.45471
-3.45428
-3.4538
-3.45428
-3.45624
-3.45727
-3.45875
-3.45949
-3.45972
-3.46013
-3.45966
-3.45968
-3.4586
-3.45859
-3.4581
-3.45798
-3.45875
-3.45907
-3.45813
-3.45811
-3.45785
-3.45762
-3.45681
-3.45657
-3.45579
-3.45608
-3.45701
-3.45807
-3.45734
-3.45724
-3.45697
-3.45635
-3.45592
-3.45472
-3.45441
-3.45361
-3.45309
-3.45335
-3.45299
-3.45337
-3.45298
-3.45328
-3.45304
-3.45351
-3.45373
-3.45438
-3.45467
-3.45576
-3.4552
-3.45562
-3.45635
-3.45692
-3.45714
-3.45731
-3.45784
-3.45755
-3.45695
-3.45614
-3.4549
-3.45442
-3.45468
-3.45394
-3.45236
-3.45326
-3.45481
-3.4562
-3.45738
-3.4595
-3.46066
-3.46083
-3.46073
-3.46023
-3.46065
-3.45876
-3.45896
-3.45793
-3.45856
-3.45858
-3.45848
-3.45849
-3.4584
-3.45819
-3.45839
-3.45851
-3.45958
-3.46087
-3.46002
-3.46007
-3.45949
-3.45926
-3.45755
-3.45698
-3.45546
-3.45483
-3.45427
-3.45421
-3.45422
-3.45298
-3.45313
-3.45191
-3.45095
-3.45171
-3.45276
-3.45321
-3.45448
-3.45529
-3.45584
-3.45734
-3.45789
-3.45826
-3.45681
-3.45618
-3.45513
-3.45435
-3.45361
-3.45373
-3.45346
-3.45307
-3.45295
-3.45328
-3.45369
-3.45348
-3.45474
-3.45449
-3.45529
-3.45646
-3.45754
-3.45732
-3.45682
-3.45624
-3.45553
-3.45611
-3.45637
-3.45621
-3.45652
-3.45721
-3.45771
-3.45898
-3.45933
-3.45932
-3.45971
-3.45928
-3.45815
-3.45714
-3.45631
-3.45578
-3.45579
-3.45614
-3.45717
-3.45688
-3.457
-3.45713
-3.4567
-3.45648
-3.45708
-3.45684
-3.4579
-3.45829
-3.45742
-3.45784
-3.45831
-3.45904
-3.45874
-3.45913
-3.45939
-3.45818
-3.45768
-3.45682
-3.45588
-3.45633
-3.4567
