0.793271
0.770445
0.732688
0.681657
0.619519
0.549364
0.475208
0.401784
0.33416
0.277106
0.234349
0.207901
0.197782
0.202139
0.217749
0.240718
0.267118
0.293482
0.317096
0.336085
0.349423
0.356856
0.358745
0.355925
0.349591
0.341138
0.332052
0.323805
0.31776
0.315109
0.316769
0.323349
0.335017
0.351471
0.371895
0.394992
0.419177
0.44268
0.46384
0.48125
0.493911
0.501256
0.50324
0.500229
0.492994
0.482585
0.470148
0.456828
0.44365
0.431347
0.420387
0.410982
0.403159
0.396833
0.3919
0.388327
0.386129
0.385406
0.386283
0.388823
0.39297
0.398528
0.405119
0.412228
0.419248
0.425622
0.430934
0.43495
0.437589
0.438917
0.439073
0.438192
0.436445
0.433981
0.430959
0.427526
0.423889
0.420237
0.416732
0.413583
0.410977
0.409026
0.407868
0.407572
0.408184
0.409589
0.41149
0.41337
0.414607
0.41455
0.412668
0.408665
0.402604
0.394912
0.386299
0.377722
0.37013
0.364314
0.360779
0.359647
0.360726
0.36357
0.367557
0.371995
0.376218
0.379616
0.381698
0.382113
0.380786
0.377904
0.373952
0.369667
0.365977
0.363862
0.364211
0.367686
0.374553
0.384688
0.397569
0.412375
0.428098
0.443656
0.458037
0.470307
0.479772
0.485941
0.488516
0.487479
0.483047
0.475618
0.465818
0.454413
0.442314
0.430476
0.419847
0.411289
0.405426
0.402568
0.402505
0.404502
0.407538
0.410551
0.412778
0.413752
0.413315
0.411559
0.408631
0.404725
0.400067
0.394891
0.389496
0.384233
0.379496
0.375688
0.373181
0.372306
0.373329
0.376423
0.381594
0.388554
0.396648
0.404885
0.412139
0.417409
0.420034
0.419822
0.417088
0.412531
0.406994
0.401276
0.395937
0.391259
0.387384
0.384408
0.382557
0.382204
0.383759
0.387494
0.393385
0.401161
0.410336
0.420256
0.430259
0.439667
0.447812
0.454174
0.458284
0.459833
0.458716
0.455026
0.44907
0.441373
0.432619
0.423571
0.415064
0.407885
0.40264
0.399691
0.399078
0.400554
0.403633
0.407667
0.411997
0.416084
0.419498
0.421977
0.423393
0.423773
0.423233
0.421939
0.420149
0.418076
0.415824
0.413423
0.41079
0.407869
0.404654
0.401203
0.397666
0.394233
0.391067
0.388304
0.386054
0.3844
0.38339
0.383093
0.383588
0.384929
0.387165
0.390301
0.394184
0.39854
0.402977
0.406967
0.409979
0.411597
0.41156
0.409869
0.406785
0.40274
0.398269
0.39382
0.389752
0.386256
0.383352
0.380968
0.379042
0.377582
0.376657
0.376395
0.376905
0.378236
0.380328
0.383005
0.38608
0.389368
0.392758
0.396279
0.400068
0.404245
0.408888
0.414004
0.419541
0.425436
0.431668
0.438177
0.44484
0.451441
0.45764
0.46301
0.467154
0.469716
0.470452
0.469299
0.466303
0.461635
0.45555
0.448309
0.440146
0.431284
0.422005
0.412614
0.403462
0.394954
0.387568
0.381793
0.378084
0.376742
0.377821
0.381044
0.385793
0.391148
0.396079
0.39959
0.400936
0.399769
0.396216
0.390893
0.384812
0.379228
0.375389
0.374317
0.376617
0.382381
0.391242
0.402432
0.414901
0.427483
0.439025
0.44853
0.455209
0.458557
0.458318
0.454504
0.44732
0.437191
0.424756
0.410895
0.396658
0.383235
0.371779
0.36329
0.358465
0.357524
0.360223
0.366015
0.374127
0.383723
0.394004
0.404242
0.413771
0.421972
0.428317
0.432487
0.43441
0.434256
0.432414
0.429398
0.425733
0.421929
0.418421
0.415509
0.413377
0.412107
0.41169
0.412053
0.413121
0.414791
0.416953
0.419463
0.422112
0.424633
0.426718
0.428024
0.428322
0.427517
0.425665
0.422888
0.419339
0.415065
0.410044
0.404245
0.397706
0.390627
0.383379
0.37656
0.370891
0.367076
0.36566
0.366901
0.370705
0.376705
0.384315
0.392873
0.401733
0.410324
0.418164
0.424859
0.430066
0.433544
0.435143
0.434807
0.432593
0.42866
0.423343
0.417119
0.410585
0.404455
0.399489
0.396326
0.395377
0.396738
0.400083
0.40476
0.409961
0.414908
0.419005
0.421887
0.42351
0.424022
0.790132
0.759491
0.695258
0.607715
0.551163
0.565305
0.631929
0.713635
0.775441
0.798236
0.785112
0.755504
0.72673
0.703483
0.688891
0.682669
0.674907
0.65901
0.641889
0.636135
0.641689
0.645206
0.637459
0.618794
0.592613
0.563662
0.541308
0.536318
0.55006
0.572583
0.591924
0.600422
0.594937
0.575864
0.546735
0.514
0.485182
0.46604
0.458938
0.463496
0.477509
0.497523
0.519548
0.540009
0.556512
0.568169
0.575381
0.579274
0.580937
0.581258
0.581676
0.585718
0.598244
0.620798
0.648824
0.675319
0.69563
0.708379
0.714073
0.713899
0.709044
0.700909
0.691087
0.68128
0.672759
0.665692
0.65909
0.651614
0.64242
0.631645
0.620228
0.609616
0.601315
0.596401
0.595206
0.597179
0.601037
0.605185
0.608119
0.608792
0.606825
0.602599
0.597127
0.59179
0.587961
0.586694
0.588423
0.593044
0.600031
0.608687
0.618292
0.628187
0.637783
0.646484
0.653766
0.659158
0.66221
0.662573
0.659971
0.654202
0.645399
0.634133
0.621549
0.609289
0.598819
0.590824
0.585055
0.580839
0.577638
0.575314
0.573943
0.57362
0.574317
0.575804
0.577629
0.579322
0.580606
0.581422
0.581712
0.581267
0.579662
0.576658
0.572519
0.56805
0.564408
0.562738
0.563898
0.568407
0.576425
0.58771
0.601563
0.616852
0.632241
0.646401
0.658255
0.667126
0.672752
0.67523
0.674869
0.672006
0.666991
0.660188
0.651906
0.642454
0.632254
0.621848
0.611901
0.603118
0.596111
0.591267
0.588679
0.588123
0.589171
0.591321
0.594196
0.597695
0.602036
0.607543
0.614415
0.62245
0.630889
0.638496
0.643869
0.64589
0.644001
0.638283
0.629417
0.618562
0.607086
0.596221
0.586991
0.580131
0.576295
0.576113
0.580092
0.588079
0.598947
0.610657
0.621016
0.628262
0.631436
0.630312
0.625301
0.617301
0.60743
0.596917
0.586931
0.578514
0.572414
0.568979
0.568189
0.569748
0.573225
0.578184
0.584324
0.591495
0.59951
0.608231
0.617465
0.626902
0.636086
0.644429
0.651183
0.655591
0.657029
0.654993
0.649294
0.640118
0.628104
0.614377
0.600507
0.588283
0.579362
0.574961
0.575564
0.580888
0.589879
0.600999
0.612617
0.623311
0.632116
0.638559
0.642646
0.644641
0.64497
0.644046
0.642263
0.640049
0.637919
0.636438
0.636017
0.636578
0.637304
0.636944
0.634129
0.627845
0.617729
0.604122
0.588043
0.571124
0.555481
0.543336
0.536438
0.535464
0.539727
0.547458
0.556524
0.565129
0.572176
0.577248
0.580316
0.581579
0.581499
0.580856
0.580722
0.582209
0.586013
0.592148
0.599965
0.608342
0.616053
0.622024
0.625567
0.626527
0.625265
0.622478
0.619115
0.616215
0.614751
0.615432
0.618503
0.623698
0.630395
0.637719
0.644793
0.650857
0.655365
0.658032
0.658759
0.657634
0.654873
0.650874
0.646101
0.641047
0.636155
0.631863
0.628494
0.626215
0.625106
0.625067
0.62594
0.627439
0.629161
0.630631
0.631376
0.63099
0.629261
0.626114
0.62155
0.615555
0.608067
0.599036
0.588462
0.576505
0.563534
0.550239
0.537606
0.526754
0.518898
0.515134
0.516276
0.522693
0.534198
0.550129
0.569433
0.59074
0.612464
0.632929
0.650567
0.664133
0.672752
0.675909
0.673392
0.665426
0.652776
0.636897
0.619769
0.603469
0.589609
0.57902
0.571792
0.567741
0.566775
0.568966
0.574213
0.581962
0.590964
0.599501
0.605802
0.608529
0.60704
0.601472
0.592711
0.5823
0.572324
0.565121
0.562718
0.566371
0.576206
0.591232
0.609742
0.6299
0.650049
0.668858
0.68526
0.69836
0.707343
0.711481
0.710194
0.70322
0.690747
0.673408
0.652394
0.629329
0.606123
0.584796
0.567237
0.554856
0.548433
0.547885
0.552314
0.560025
0.56881
0.576389
0.580974
0.58168
0.5788
0.573742
0.568697
0.56602
0.567518
0.573877
0.584461
0.597558
0.610915
0.622282
0.629997
0.633335
0.632557
0.628778
0.623605
0.618773
0.615657
0.615024
0.61692
0.620798
0.625734
0.630727
0.634946
0.637772
0.79934
0.79314
0.781684
0.765851
0.746893
0.726503
0.706728
0.689616
0.676893
0.669589
0.667843
0.670885
0.677341
0.685565
0.694091
0.701788
0.707798
0.711529
0.712547
0.710599
0.705852
0.698904
0.690692
0.682327
0.674874
0.669207
0.665867
0.664999
0.666449
0.669835
0.674689
0.680489
0.68668
0.692601
0.697557
0.700879
0.702119
0.701286
0.698854
0.695722
0.693028
0.691887
0.69301
0.696535
0.702035
0.708692
0.71549
0.721375
0.725261
0.726148
0.723357
0.716692
0.706646
0.694412
0.681653
0.670067
0.660941
0.65496
0.652296
0.652881
0.656747
0.663998
0.674673
0.688427
0.704233
0.720325
0.734703
0.745551
0.751687
0.752795
0.749335
0.742251
0.732668
0.721555
0.709733
0.69791
0.686899
0.677654
0.67118
0.668251
0.669114
0.673374
0.679807
0.686632
0.6919
0.694018
0.692207
0.686587
0.678147
0.668331
0.65865
0.650389
0.64444
0.641227
0.640867
0.643245
0.64808
0.65489
0.663044
0.6717
0.679946
0.687001
0.692397
0.696119
0.698507
0.700113
0.701442
0.702763
0.704006
0.704839
0.70489
0.703999
0.702319
0.700304
0.698605
0.697895
0.698657
0.701137
0.705293
0.710853
0.717401
0.724378
0.731102
0.736922
0.741313
0.743876
0.744478
0.743254
0.740628
0.737178
0.733498
0.729917
0.726373
0.722429
0.717495
0.711108
0.703117
0.693686
0.68315
0.671981
0.660683
0.649833
0.640104
0.632164
0.626646
0.624099
0.624871
0.629044
0.636266
0.645733
0.656271
0.66671
0.676151
0.684109
0.690386
0.694947
0.697716
0.698497
0.697099
0.693464
0.687866
0.681018
0.673988
0.667982
0.664052
0.662751
0.664152
0.667978
0.673715
0.680954
0.689672
0.700201
0.713188
0.729123
0.74786
0.768214
0.788132
0.805188
0.817215
0.822731
0.820958
0.811949
0.79656
0.776313
0.753129
0.729061
0.705902
0.685052
0.66748
0.653886
0.644925
0.641153
0.642936
0.650176
0.662058
0.677024
0.693048
0.708113
0.720572
0.729484
0.734558
0.736042
0.734409
0.730055
0.723212
0.713923
0.702308
0.688797
0.674156
0.65943
0.645679
0.633972
0.625473
0.621055
0.620911
0.624315
0.630151
0.637546
0.646177
0.656052
0.667082
0.67877
0.690166
0.7001
0.707446
0.711273
0.711
0.706507
0.698222
0.687093
0.674575
0.66249
0.652946
0.648046
0.649499
0.658227
0.674095
0.695845
0.721435
0.74842
0.774393
0.797135
0.814845
0.826187
0.830255
0.826633
0.815355
0.796877
0.772046
0.742235
0.709389
0.676103
0.645505
0.620968
0.605418
0.600524
0.606157
0.620379
0.639954
0.661299
0.681306
0.697788
0.709703
0.716908
0.719912
0.719558
0.716856
0.712864
0.708546
0.704747
0.701967
0.700335
0.699595
0.699145
0.698274
0.696264
0.692593
0.68716
0.680363
0.673003
0.666177
0.660882
0.657688
0.656662
0.657329
0.658911
0.660597
0.661693
0.66191
0.661565
0.661657
0.663606
0.668939
0.678544
0.692276
0.7089
0.726412
0.74271
0.756016
0.765126
0.7695
0.769106
0.76427
0.755518
0.743423
0.728711
0.712198
0.694871
0.677849
0.662334
0.649495
0.640281
0.635238
0.63446
0.637565
0.643684
0.65174
0.660668
0.669575
0.677876
0.685256
0.691619
0.697001
0.701406
0.704752
0.706728
0.706866
0.704625
0.699622
0.692042
0.682811
0.673417
0.665563
0.660599
0.659196
0.661372
0.666643
0.674239
0.683178
0.692436
0.701054
0.708374
0.714044
0.71802
0.720379
0.721104
0.719979
0.716705
0.711126
0.703463
0.694552
0.685715
0.678669
0.675061
0.676261
0.682834
0.694195
0.708591
0.723601
0.736874
0.746692
0.752179
0.753189
0.750069
0.743481
0.734262
0.723286
0.711431
0.699499
0.688198
0.678133
0.669941
0.66433
0.662147
0.66434
0.671663
0.684286
0.701437
0.721341
0.741686
0.760147
0.774901
0.784647
0.788466
0.785872
0.776911
0.762232
0.743132
0.721278
0.698305
0.675658
0.654539
0.636149
0.621723
0.612269
0.608345
0.609885
0.616271
0.626572
0.639771
0.814044
0.825078
0.831521
0.832663
0.827984
0.817577
0.802417
0.784445
0.766115
0.749813
0.737136
0.72876
0.72461
0.724142
0.726566
0.731058
0.73691
0.743736
0.751753
0.761873
0.775478
0.793416
0.814974
0.837692
0.858199
0.873583
0.882084
0.883106
0.876993
0.864779
0.847988
0.828641
0.809125
0.791819
0.778674
0.770844
0.768818
0.772493
0.781122
0.793032
0.805952
0.817519
0.825877
0.829995
0.829633
0.824913
0.816156
0.803733
0.788258
0.770765
0.752695
0.735563
0.720728
0.709245
0.701942
0.699597
0.702942
0.712406
0.727785
0.747955
0.770962
0.794291
0.815191
0.831088
0.840124
0.841538
0.835912
0.824993
0.811213
0.797091
0.784426
0.774012
0.765585
0.758396
0.751667
0.745092
0.739024
0.734452
0.73283
0.735407
0.742552
0.753346
0.765872
0.777831
0.787299
0.793119
0.794999
0.793386
0.789337
0.784344
0.780036
0.777744
0.778103
0.780822
0.78489
0.788977
0.791909
0.79303
0.7923
0.790141
0.787333
0.784841
0.78348
0.783914
0.786413
0.790876
0.796843
0.803445
0.809436
0.813532
0.814705
0.812403
0.806422
0.79678
0.78353
0.766875
0.747382
0.726191
0.705227
0.687044
0.674453
0.669971
0.67514
0.690067
0.71324
0.741683
0.771507
0.798695
0.819925
0.833073
0.837447
0.833587
0.822964
0.807645
0.790109
0.773094
0.759394
0.751656
0.751987
0.761389
0.779117
0.802526
0.827886
0.851552
0.870817
0.884076
0.890485
0.889933
0.8829
0.870448
0.854202
0.836149
0.818421
0.802801
0.790555
0.78222
0.777635
0.776065
0.776521
0.778159
0.780431
0.783006
0.785582
0.787812
0.789443
0.790527
0.791382
0.792355
0.793391
0.793795
0.792467
0.788286
0.780549
0.769101
0.754369
0.737338
0.719417
0.702351
0.688056
0.678444
0.675256
0.679663
0.69166
0.70977
0.731244
0.752793
0.771611
0.786013
0.795417
0.800175
0.801094
0.799174
0.795427
0.790892
0.786656
0.783782
0.78302
0.784443
0.787398
0.790838
0.793812
0.795922
0.797437
0.799282
0.802756
0.80887
0.81781
0.828583
0.839208
0.847327
0.850933
0.848785
0.840749
0.827821
0.811886
0.795214
0.780014
0.768095
0.760636
0.758145
0.760505
0.766956
0.776068
0.785972
0.794663
0.800303
0.801664
0.79835
0.790842
0.780376
0.76873
0.757805
0.749105
0.743345
0.74024
0.738618
0.736902
0.733617
0.728127
0.721068
0.714301
0.710286
0.711037
0.717116
0.727559
0.740495
0.753988
0.766373
0.776271
0.782707
0.784969
0.78282
0.776533
0.766899
0.755188
0.743174
0.733094
0.727376
0.728126
0.736506
0.752431
0.774739
0.801338
0.829735
0.857314
0.8816
0.900651
0.913181
0.918498
0.916493
0.907471
0.89215
0.87157
0.846923
0.819604
0.791347
0.764192
0.740393
0.722176
0.711292
0.708451
0.71313
0.723755
0.738245
0.754491
0.770604
0.784831
0.795565
0.801517
0.802002
0.79705
0.7875
0.774802
0.760781
0.747331
0.736134
0.728472
0.724987
0.725601
0.729567
0.735759
0.743016
0.750429
0.75725
0.762842
0.766716
0.768759
0.769434
0.769834
0.77132
0.774979
0.781137
0.789149
0.797774
0.805426
0.810508
0.811663
0.80797
0.7991
0.78544
0.768374
0.750133
0.733522
0.721395
0.715862
0.717651
0.725984
0.738931
0.754057
0.768989
0.781836
0.791298
0.79691
0.799044
0.798871
0.79823
0.799019
0.802447
0.808375
0.815399
0.82166
0.82574
0.827328
0.827368
0.827764
0.830467
0.836184
0.843637
0.850144
0.85276
0.849179
0.838087
0.819344
0.794132
0.765098
0.736242
0.7123
0.697363
0.693395
0.699371
0.711954
0.727207
0.742053
0.754425
0.762949
0.766761
0.765708
0.760442
0.752308
0.742835
0.733416
0.725207
0.719285
0.71654
0.717431
0.721817
0.728962
0.73767
0.746715
0.755086
0.76215
0.767483
0.770834
0.77207
0.77133
0.769207
0.766717
0.765151
0.765627
0.768933
0.77531
0.784603
0.796271
0.809422
0.822933
0.835642
0.846553
0.854879
0.859947
0.86115
0.79731
0.792062
0.784971
0.777154
0.769754
0.763528
0.758737
0.755157
0.752638
0.751232
0.751142
0.752228
0.753799
0.754766
0.754149
0.751533
0.747339
0.742729
0.739242
0.738331
0.741006
0.74757
0.757457
0.769281
0.78115
0.791199
0.797852
0.800098
0.797462
0.790015
0.778317
0.763286
0.746256
0.728791
0.71259
0.699344
0.690492
0.687058
0.689392
0.69716
0.709236
0.723865
0.738913
0.751985
0.760871
0.76391
0.760443
0.751087
0.73776
0.72341
0.711335
0.704325
0.703848
0.709659
0.72013
0.732995
0.746028
0.757695
0.767202
0.774389
0.779378
0.782196
0.782724
0.780714
0.776099
0.769179
0.760526
0.75109
0.742248
0.735737
0.733411
0.736555
0.744974
0.756648
0.768382
0.777019
0.780311
0.777142
0.767485
0.752231
0.733112
0.712757
0.694556
0.682093
0.67826
0.684153
0.698718
0.719208
0.742048
0.763738
0.781457
0.793499
0.799436
0.799934
0.796406
0.790709
0.784634
0.77955
0.776112
0.774241
0.773226
0.772016
0.769526
0.764878
0.757451
0.747143
0.734592
0.721243
0.708987
0.699822
0.695367
0.696624
0.703986
0.717157
0.734981
0.75536
0.7755
0.792501
0.803936
0.808345
0.805407
0.795955
0.781907
0.765894
0.750753
0.738726
0.730828
0.726692
0.725217
0.725408
0.726733
0.729098
0.732345
0.735872
0.738718
0.739839
0.738672
0.735411
0.730979
0.726502
0.722944
0.720724
0.719674
0.719404
0.719784
0.721134
0.724091
0.729056
0.735736
0.74328
0.750543
0.756755
0.761801
0.766128
0.77054
0.775645
0.781352
0.786732
0.790324
0.790663
0.786924
0.77929
0.768963
0.757819
0.747587
0.739267
0.733019
0.728507
0.725296
0.723024
0.721219
0.719347
0.717027
0.71412
0.710918
0.7081
0.706629
0.707546
0.711574
0.718814
0.728685
0.740255
0.752717
0.765654
0.778934
0.792214
0.804485
0.81412
0.819391
0.818954
0.812288
0.799852
0.782839
0.763074
0.742768
0.724253
0.709609
0.700403
0.697342
0.700299
0.708473
0.720443
0.734261
0.747657
0.758591
0.765839
0.769289
0.769751
0.76844
0.76652
0.764935
0.764225
0.764701
0.766362
0.768768
0.771132
0.772668
0.772739
0.770957
0.767101
0.760874
0.752093
0.741011
0.72867
0.716865
0.707684
0.702809
0.702962
0.707796
0.716114
0.726208
0.736169
0.744172
0.748861
0.749693
0.747263
0.743135
0.739357
0.737893
0.739919
0.745643
0.754282
0.764412
0.774603
0.783943
0.79229
0.799889
0.806625
0.811472
0.81297
0.809922
0.802041
0.78997
0.774957
0.758517
0.74222
0.727623
0.716061
0.708472
0.705276
0.706385
0.711278
0.719063
0.728534
0.738144
0.746354
0.751982
0.754551
0.754527
0.753017
0.751226
0.75
0.749579
0.749888
0.750781
0.752116
0.75361
0.754778
0.755036
0.753906
0.751205
0.747188
0.742507
0.737847
0.733767
0.730525
0.728138
0.726422
0.72534
0.725123
0.7262
0.729006
0.733851
0.740733
0.749163
0.75824
0.766724
0.773398
0.777255
0.777923
0.775756
0.771663
0.766719
0.761603
0.756352
0.750571
0.743931
0.736518
0.728997
0.72235
0.71752
0.715153
0.715512
0.718442
0.723447
0.729746
0.736343
0.742235
0.746662
0.749368
0.7507
0.751653
0.753573
0.757705
0.764752
0.774546
0.785855
0.796606
0.804432
0.807313
0.804283
0.795524
0.782469
0.767377
0.752687
0.740426
0.73184
0.727294
0.726475
0.728559
0.732425
0.736809
0.740415
0.742107
0.741182
0.737677
0.732395
0.726684
0.722006
0.719508
0.719668
0.722364
0.727004
0.732644
0.73828
0.742895
0.745543
0.745449
0.742167
0.735756
0.726864
0.717025
0.708304
0.702844
0.702284
0.707414
0.718131
0.733635
0.752519
0.772781
0.792029
0.807771
0.817896
0.821117
0.817218
0.807112
0.792704
0.776388
0.760653
0.747651
0.738825
0.734811
0.735438
0.739861
0.746837
0.755125
0.763728
0.772079
0.779918
0.787055
0.793275
0.798145
0.801178
0.801807
0.799639
0.794563
0.786797
0.776775
0.764908
0.751608
0.785568
0.769501
0.75389
0.739617
0.726594
0.714198
0.7023
0.69189
0.684838
0.682986
0.68721
0.697105
0.711241
0.727706
0.744567
0.760135
0.773172
0.783033
0.789549
0.792865
0.793197
0.790813
0.786177
0.780223
0.774424
0.770583
0.770236
0.774182
0.782154
0.793007
0.805161
0.817035
0.827414
0.835416
0.840369
0.841693
0.838872
0.83153
0.819682
0.803879
0.785319
0.765634
0.746581
0.729738
0.716397
0.707544
0.703917
0.705751
0.712725
0.723644
0.736654
0.749464
0.75996
0.766578
0.768774
0.767037
0.762723
0.757631
0.753712
0.752828
0.756415
0.765102
0.778416
0.794777
0.81201
0.827947
0.84087
0.84982
0.854579
0.855462
0.853014
0.847897
0.840562
0.831163
0.819667
0.805909
0.789722
0.771086
0.750182
0.727669
0.704855
0.683717
0.666642
0.65595
0.653283
0.659248
0.673206
0.693405
0.717439
0.742681
0.766801
0.787849
0.804298
0.815158
0.820046
0.819247
0.813831
0.805471
0.795961
0.787131
0.780329
0.776089
0.77417
0.773822
0.77424
0.775065
0.77646
0.779089
0.78371
0.790652
0.799453
0.808875
0.817152
0.82248
0.823627
0.820191
0.812521
0.8017
0.78937
0.777597
0.768375
0.762988
0.761514
0.762833
0.765217
0.767194
0.768146
0.768419
0.768955
0.770496
0.773048
0.775836
0.777546
0.776807
0.772488
0.764164
0.752284
0.738247
0.724276
0.712992
0.706881
0.707525
0.71498
0.727607
0.742586
0.757041
0.768936
0.777544
0.783186
0.78673
0.789054
0.790687
0.791834
0.792574
0.793046
0.793459
0.793983
0.794574
0.79484
0.794066
0.791586
0.787101
0.780914
0.773875
0.767165
0.762089
0.759768
0.760917
0.765606
0.77315
0.782292
0.791494
0.799532
0.805604
0.80955
0.811665
0.812432
0.812357
0.811834
0.811101
0.810153
0.80881
0.806849
0.803989
0.799974
0.794607
0.787818
0.779735
0.770621
0.760842
0.750815
0.741039
0.732094
0.724702
0.719615
0.717454
0.718505
0.722657
0.729472
0.73834
0.748577
0.759553
0.77067
0.781311
0.790828
0.798564
0.803995
0.80679
0.806903
0.804367
0.799211
0.791319
0.780681
0.767643
0.753361
0.739678
0.72859
0.721653
0.719454
0.721571
0.726965
0.734411
0.742776
0.751237
0.759148
0.765929
0.771092
0.7743
0.775662
0.775854
0.775968
0.776984
0.779238
0.782179
0.784662
0.785518
0.78425
0.781236
0.777653
0.775011
0.774633
0.77719
0.78263
0.790398
0.799618
0.809244
0.818219
0.825502
0.830051
0.830987
0.827889
0.821106
0.811835
0.801809
0.792601
0.785203
0.77988
0.776536
0.774871
0.774335
0.774233
0.773683
0.771994
0.768831
0.764442
0.759604
0.755222
0.752
0.75023
0.749824
0.750601
0.752342
0.754749
0.757413
0.759853
0.761755
0.763105
0.764283
0.765864
0.768295
0.771479
0.774681
0.776821
0.776882
0.774395
0.769608
0.763331
0.756552
0.750181
0.744901
0.741333
0.740054
0.7416
0.746263
0.753615
0.762532
0.77138
0.778388
0.78226
0.782389
0.779056
0.773242
0.766249
0.759339
0.753504
0.749305
0.746832
0.745711
0.745215
0.744577
0.743255
0.741117
0.738418
0.735794
0.734008
0.733748
0.735457
0.73928
0.745249
0.75349
0.764173
0.777029
0.791021
0.804505
0.815715
0.823329
0.826809
0.826354
0.822752
0.817215
0.811143
0.805846
0.802189
0.800199
0.799087
0.797554
0.794375
0.788975
0.781705
0.77367
0.766228
0.760526
0.75712
0.755939
0.756497
0.758124
0.760075
0.761632
0.762258
0.761926
0.761267
0.761412
0.763504
0.768117
0.775064
0.783548
0.792585
0.801129
0.808128
0.812513
0.813356
0.810212
0.80353
0.794789
0.78604
0.779096
0.774867
0.773162
0.773158
0.773781
0.774036
0.773053
0.770213
0.765272
0.758408
0.750296
0.741994
0.734815
0.730063
0.728673
0.730765
0.735487
0.741175
0.745987
0.748616
0.748806
0.747587
0.747001
0.748975
0.753994
0.760844
0.767735
0.773528
0.778206
0.782548
0.787491
0.793714
0.801332
0.80971
0.817658
0.805779
0.809717
0.811115
0.81019
0.807464
0.803477
0.798783
0.79396
0.78973
0.786915
0.786295
0.788393
0.793299
0.800394
0.808366
0.815468
0.819971
0.820663
0.817057
0.809466
0.798824
0.786251
0.772692
0.758532
0.74372
0.728103
0.711863
0.695772
0.681198
0.669963
0.664147
0.665611
0.675365
0.692837
0.71589
0.74142
0.766207
0.787585
0.803649
0.81335
0.816402
0.81343
0.805879
0.79587
0.785833
0.777971
0.773579
0.772926
0.775136
0.77865
0.781788
0.783307
0.782822
0.780497
0.776644
0.771208
0.763881
0.754482
0.743321
0.731243
0.719406
0.709181
0.702068
0.699478
0.702273
0.710325
0.722358
0.73635
0.75016
0.762214
0.771876
0.779411
0.785608
0.79141
0.797558
0.804225
0.811051
0.817259
0.821835
0.823739
0.822245
0.817026
0.808375
0.79716
0.78485
0.773404
0.764687
0.759747
0.758407
0.759333
0.760722
0.761171
0.760186
0.758192
0.756215
0.755202
0.755521
0.756762
0.75785
0.757519
0.754869
0.749668
0.742522
0.734766
0.728054
0.723947
0.723338
0.726216
0.731605
0.738044
0.744124
0.748919
0.75206
0.753756
0.754522
0.755006
0.755826
0.757375
0.759921
0.763558
0.768257
0.7738
0.779871
0.786032
0.791879
0.797155
0.801751
0.805525
0.808028
0.808556
0.806383
0.80107
0.792754
0.782191
0.770703
0.759639
0.750114
0.742643
0.737156
0.73318
0.72999
0.726928
0.723609
0.72015
0.717196
0.71582
0.717301
0.722919
0.733569
0.749157
0.768116
0.787592
0.80434
0.815829
0.820999
0.820251
0.815145
0.807834
0.800408
0.794511
0.790865
0.789189
0.788524
0.787736
0.786073
0.783572
0.781006
0.779518
0.780034
0.782825
0.787399
0.792581
0.796914
0.798958
0.797449
0.791562
0.781025
0.766337
0.748819
0.730383
0.713293
0.699855
0.692052
0.691092
0.697141
0.709259
0.725706
0.744407
0.763136
0.779737
0.792357
0.799625
0.800858
0.796088
0.785992
0.771725
0.754833
0.737369
0.721755
0.710368
0.704861
0.705753
0.712288
0.722846
0.735535
0.748803
0.761564
0.773307
0.783918
0.793624
0.802934
0.812443
0.822525
0.832973
0.842958
0.851377
0.857384
0.860573
0.860792
0.858052
0.852283
0.843385
0.831388
0.816571
0.799641
0.781663
0.763866
0.747416
0.733351
0.722432
0.715057
0.711212
0.710528
0.712515
0.716961
0.724064
0.734228
0.747471
0.763035
0.779395
0.7948
0.807686
0.81701
0.822249
0.823286
0.820403
0.81414
0.8053
0.794724
0.783309
0.771995
0.761814
0.753703
0.748242
0.745208
0.743629
0.742531
0.741618
0.741224
0.741646
0.74256
0.74309
0.74226
0.739446
0.73464
0.728526
0.722233
0.717097
0.714202
0.71401
0.716228
0.719855
0.723584
0.726316
0.72755
0.727632
0.727428
0.727926
0.729913
0.733869
0.739974
0.7481
0.757815
0.768476
0.779336
0.789573
0.798181
0.80393
0.805693
0.803069
0.796783
0.788722
0.781393
0.776903
0.776283
0.779284
0.784806
0.791482
0.798038
0.803472
0.807075
0.808366
0.807056
0.803047
0.796544
0.788483
0.780543
0.774572
0.771585
0.771101
0.771327
0.769995
0.765421
0.757063
0.745552
0.73238
0.719414
0.708412
0.700827
0.697768
0.699904
0.707489
0.72024
0.737081
0.756188
0.775304
0.792136
0.804983
0.812958
0.816016
0.81485
0.810663
0.804881
0.798871
0.79367
0.789877
0.787609
0.786462
0.785624
0.783937
0.780018
0.772624
0.761033
0.745534
0.727618
0.710041
0.696404
0.690097
0.69295
0.704555
0.722479
0.743359
0.763954
0.781712
0.795125
0.803673
0.807717
0.808303
0.806648
0.803794
0.800222
0.795827
0.790178
0.78285
0.77372
0.762998
0.751261
0.739528
0.729145
0.721609
0.718189
0.719517
0.72536
0.734746
0.74623
0.758279
0.769334
0.777944
0.78299
0.783998
0.781337
0.776286
0.770697
0.766382
0.764724
0.766516
0.771988
0.780787
0.792046
0.804347
0.815764
0.824227
0.827949
0.82585
0.817786
0.804502
0.787308
0.767807
0.747666
0.728555
0.783248
0.768628
0.759337
0.757206
0.762494
0.773363
0.786528
0.798617
0.807259
0.811582
0.812109
0.810291
0.807891
0.806283
0.806039
0.807043
0.808849
0.810997
0.812979
0.814237
0.81418
0.812238
0.808185
0.80234
0.795635
0.789419
0.784977
0.783035
0.783626
0.786122
0.789569
0.793034
0.795853
0.797697
0.798635
0.799032
0.799261
0.799694
0.800616
0.80232
0.805077
0.808936
0.813483
0.817806
0.820589
0.820531
0.81655
0.80812
0.795496
0.779671
0.762343
0.745717
0.732052
0.723249
0.720505
0.724301
0.73458
0.750807
0.772101
0.797118
0.823818
0.84963
0.871806
0.887962
0.896533
0.897012
0.890043
0.87722
0.860879
0.843451
0.826943
0.812553
0.800524
0.7905
0.781898
0.774151
0.766785
0.759612
0.752944
0.747623
0.744738
0.74496
0.747988
0.752531
0.756874
0.759597
0.760134
0.758801
0.756583
0.754747
0.754449
0.756427
0.760914
0.767773
0.776799
0.787827
0.800716
0.815181
0.830683
0.846257
0.860606
0.872248
0.879864
0.882582
0.880318
0.873701
0.863988
0.85286
0.842087
0.833129
0.827005
0.823961
0.823461
0.824347
0.825094
0.824148
0.820332
0.813311
0.803784
0.793311
0.783867
0.777134
0.773908
0.773945
0.776303
0.78006
0.784791
0.790615
0.797848
0.806548
0.816208
0.82575
0.834005
0.839977
0.84305
0.842872
0.839232
0.831931
0.820855
0.806198
0.788779
0.770115
0.752297
0.737323
0.726692
0.721269
0.721378
0.726895
0.737254
0.751463
0.768105
0.785552
0.802247
0.816934
0.828779
0.837332
0.84256
0.844584
0.843603
0.839786
0.833211
0.824065
0.812892
0.80063
0.788626
0.778378
0.771306
0.768634
0.771308
0.77984
0.793949
0.812246
0.832167
0.850402
0.863611
0.869303
0.866257
0.854788
0.836761
0.815341
0.794449
0.777705
0.767521
0.764652
0.768352
0.776863
0.788003
0.799872
0.811088
0.820797
0.828692
0.834946
0.840218
0.845373
0.850716
0.855242
0.85649
0.851523
0.838425
0.817131
0.789618
0.759626
0.732064
0.711643
0.701394
0.701708
0.710658
0.725264
0.742796
0.761343
0.779701
0.797001
0.812312
0.824842
0.834205
0.840683
0.845143
0.848516
0.851185
0.852925
0.853199
0.851519
0.847835
0.842475
0.836022
0.829122
0.822463
0.816757
0.812935
0.812045
0.814893
0.82155
0.830888
0.840798
0.848991
0.853803
0.854715
0.852053
0.846347
0.838064
0.827492
0.814968
0.801146
0.787008
0.773746
0.762461
0.754077
0.749272
0.748472
0.751784
0.758811
0.768649
0.780048
0.79171
0.802571
0.812
0.819553
0.824998
0.828181
0.828885
0.826779
0.821517
0.813036
0.801865
0.789486
0.778163
0.770311
0.767658
0.770676
0.778641
0.790024
0.803012
0.815851
0.827002
0.835221
0.839812
0.840679
0.838281
0.833438
0.827162
0.820421
0.813996
0.808485
0.804308
0.80189
0.801694
0.804224
0.809644
0.817464
0.826341
0.834411
0.839881
0.841468
0.838802
0.832499
0.823823
0.814158
0.804606
0.795813
0.787945
0.781018
0.775179
0.770666
0.767688
0.766183
0.765543
0.765
0.764264
0.764003
0.765739
0.77097
0.779945
0.791423
0.803391
0.814171
0.822925
0.829812
0.835566
0.841058
0.846974
0.853386
0.859715
0.864846
0.867546
0.866898
0.86257
0.854842
0.84444
0.832278
0.819246
0.806261
0.794455
0.785266
0.780174
0.780017
0.784284
0.790918
0.796876
0.799293
0.79654
0.788774
0.777985
0.76742
0.760689
0.761054
0.770537
0.789171
0.814775
0.843414
0.870509
0.892098
0.905558
0.909797
0.905007
0.89221
0.872887
0.848752
0.821757
0.794407
0.769663
0.750513
0.739174
0.73634
0.741047
0.751015
0.763308
0.775082
0.784034
0.788736
0.788674
0.784028
0.775508
0.764378
0.752362
0.741436
0.7334
0.729378
0.729556
0.733534
0.741045
0.752167
0.766696
0.783281
0.799567
0.813314
0.823402
0.829987
0.834087
0.837088
0.840233
0.844461
0.850201
0.85722
0.864408
0.870097
0.872595
0.870751
0.864184
0.853025
0.837559
0.781782
0.760566
0.738687
0.718375
0.702268
0.69285
0.691781
0.699525
0.715247
0.736955
0.761987
0.787601
0.81136
0.831399
0.846434
0.855572
0.858188
0.854051
0.843659
0.82844
0.810742
0.79353
0.779905
0.772453
0.772556
0.779743
0.791622
0.804554
0.814655
0.818973
0.81615
0.806722
0.792743
0.777287
0.763579
0.754197
0.750281
0.751398
0.75576
0.761009
0.765012
0.766542
0.765477
0.762539
0.758736
0.754875
0.751434
0.749063
0.748924
0.752593
0.761147
0.774143
0.789585
0.804781
0.817464
0.826332
0.83105
0.831876
0.829314
0.823921
0.816303
0.807116
0.7972
0.787589
0.779578
0.774464
0.773312
0.776696
0.784746
0.79718
0.813117
0.830952
0.848189
0.8617
0.868383
0.866084
0.854277
0.834307
0.809093
0.782381
0.758008
0.739136
0.727735
0.724213
0.727542
0.735732
0.746668
0.758661
0.770634
0.781888
0.791685
0.799138
0.803248
0.803147
0.798465
0.78942
0.776785
0.761805
0.745979
0.730956
0.718453
0.710189
0.707756
0.712222
0.723676
0.74106
0.762246
0.784548
0.80537
0.822655
0.835168
0.842597
0.845533
0.845055
0.842309
0.838081
0.832479
0.824995
0.814981
0.802187
0.787168
0.771416
0.75687
0.745244
0.737371
0.733372
0.733505
0.738918
0.751319
0.771328
0.796822
0.823475
0.846448
0.861877
0.867481
0.862814
0.849128
0.82918
0.806644
0.785236
0.767859
0.756057
0.750031
0.748949
0.751419
0.755867
0.760817
0.765211
0.768778
0.7719
0.775379
0.779952
0.785877
0.792725
0.7995
0.804938
0.808076
0.808588
0.806979
0.804368
0.801876
0.799945
0.798054
0.79509
0.790003
0.78274
0.774813
0.76904
0.768452
0.774676
0.787009
0.802706
0.818281
0.830875
0.838799
0.841622
0.83993
0.834744
0.827102
0.817783
0.807223
0.795731
0.78373
0.771954
0.761568
0.753976
0.750418
0.751452
0.756321
0.762946
0.768544
0.770712
0.768504
0.762895
0.756494
0.752522
0.753525
0.760607
0.773126
0.789015
0.805478
0.819633
0.829162
0.8327
0.830059
0.822153
0.810856
0.798514
0.78749
0.779492
0.775388
0.775271
0.778698
0.784992
0.793276
0.802619
0.812313
0.822052
0.831684
0.841113
0.849829
0.856679
0.860114
0.858636
0.851362
0.838397
0.820755
0.800096
0.778486
0.757953
0.740133
0.726135
0.716381
0.710751
0.708765
0.709811
0.713176
0.718107
0.723798
0.729471
0.734278
0.73765
0.739446
0.74016
0.740979
0.743575
0.749528
0.759588
0.77332
0.789373
0.805837
0.820785
0.832473
0.839417
0.840537
0.835406
0.824499
0.809473
0.79306
0.778647
0.769367
0.767079
0.771825
0.781843
0.794335
0.806432
0.816132
0.822593
0.82607
0.827417
0.827394
0.826314
0.82394
0.819642
0.812951
0.803913
0.79333
0.78262
0.773262
0.766387
0.762307
0.760645
0.760753
0.762229
0.764985
0.768882
0.773253
0.776941
0.77873
0.778069
0.775537
0.772716
0.771538
0.773319
0.777802
0.783252
0.787422
0.788681
0.786576
0.781687
0.775147
0.768147
0.761635
0.756421
0.753243
0.75287
0.756028
0.763011
0.773285
0.785219
0.79657
0.805222
0.809871
0.810351
0.80739
0.801995
0.795117
0.787559
0.780077
0.773556
0.768922
0.767064
0.768736
0.774345
0.783798
0.796192
0.809908
0.822783
0.832632
0.837723
0.837241
0.831467
0.821782
0.810517
0.800406
0.793962
0.792618
0.796112
0.8027
0.809939
0.815487
0.817749
0.816141
0.811158
0.804167
0.796989
0.791258
0.787855
0.78671
0.786926
0.787351
0.787157
0.786
0.784008
0.781505
0.778791
0.776131
0.773806
0.77223
0.77194
0.773367
0.776489
0.780835
0.785595
0.789737
0.792437
0.793245
0.791979
0.788572
0.783054
0.775662
0.767071
0.758482
0.751272
0.746701
0.745552
0.74791
0.753219
0.760479
0.768662
0.776933
0.784619
0.791164
0.796142
0.799125
0.799899
0.798592
0.79587
0.793059
0.791937
0.794211
0.800793
0.811381
0.824327
0.83729
0.847869
0.854155
0.854947
0.849564
0.837826
0.783316
0.762353
0.739896
0.718378
0.700199
0.687404
0.681621
0.684022
0.695149
0.714556
0.740541
0.770224
0.799971
0.826168
0.845912
0.857438
0.860138
0.854325
0.840951
0.821656
0.798656
0.774787
0.753354
0.737481
0.729241
0.729058
0.735843
0.747618
0.762066
0.776927
0.790068
0.7996
0.804042
0.80258
0.795388
0.783571
0.769072
0.754144
0.740853
0.730582
0.723898
0.720972
0.721967
0.72687
0.735277
0.746049
0.757571
0.768346
0.777441
0.784566
0.789864
0.793409
0.794994
0.794057
0.789927
0.782226
0.771265
0.758106
0.744496
0.732494
0.723886
0.719869
0.720706
0.725726
0.733602
0.742675
0.75142
0.758746
0.764026
0.767034
0.767864
0.766987
0.765372
0.764256
0.764781
0.767557
0.772394
0.778425
0.784301
0.788618
0.790226
0.788521
0.783412
0.775367
0.765352
0.754894
0.745981
0.741049
0.74244
0.751616
0.76829
0.790193
0.813736
0.835129
0.851434
0.861006
0.863373
0.859085
0.849261
0.835338
0.818745
0.800699
0.782175
0.76394
0.746723
0.731322
0.718591
0.70938
0.704349
0.703839
0.707845
0.715831
0.726798
0.739288
0.751563
0.76182
0.768406
0.770119
0.766333
0.757139
0.743475
0.72715
0.710558
0.69614
0.685832
0.680551
0.680113
0.683528
0.689634
0.697682
0.707616
0.719849
0.734676
0.751775
0.769974
0.787529
0.80276
0.81461
0.822821
0.827639
0.829587
0.829268
0.827138
0.823546
0.818919
0.813781
0.808608
0.803857
0.799738
0.796318
0.793721
0.792267
0.792398
0.794401
0.798208
0.80323
0.808476
0.812768
0.814959
0.814161
0.80983
0.801877
0.790727
0.777282
0.762711
0.748321
0.735236
0.724359
0.716438
0.712177
0.712197
0.716577
0.724521
0.734643
0.745544
0.756162
0.765717
0.77366
0.779692
0.783735
0.786026
0.786961
0.786814
0.785614
0.783079
0.77895
0.77315
0.765771
0.757002
0.747048
0.736243
0.725222
0.715003
0.706868
0.702049
0.701468
0.705469
0.71384
0.725904
0.740754
0.757443
0.774954
0.792225
0.807999
0.820791
0.8292
0.832372
0.830396
0.824479
0.816645
0.809158
0.80389
0.801778
0.802532
0.80493
0.80728
0.807975
0.806109
0.801694
0.795558
0.788985
0.783104
0.778586
0.775452
0.773217
0.771068
0.768191
0.763931
0.758064
0.750772
0.742513
0.733946
0.725667
0.718293
0.712477
0.709093
0.709118
0.71317
0.721027
0.73167
0.743658
0.755446
0.765635
0.772942
0.776304
0.775053
0.769141
0.759217
0.746753
0.733948
0.72335
0.717347
0.717466
0.723849
0.735102
0.748724
0.761993
0.772683
0.779545
0.782348
0.781695
0.778717
0.774772
0.771237
0.769356
0.77021
0.774537
0.782504
0.793419
0.805579
0.816632
0.824086
0.825966
0.821241
0.809999
0.793344
0.773097
0.751482
0.730752
0.71283
0.699264
0.691407
0.690625
0.698209
0.714564
0.738473
0.766995
0.796246
0.822491
0.842964
0.856209
0.862044
0.861257
0.855156
0.845326
0.833157
0.819762
0.805876
0.79196
0.778471
0.765912
0.754926
0.746337
0.740837
0.738854
0.740307
0.744619
0.750825
0.757691
0.763983
0.768518
0.770129
0.767846
0.761168
0.750421
0.736759
0.722081
0.708631
0.698433
0.692863
0.692374
0.696498
0.704183
0.71433
0.726089
0.738893
0.752204
0.765299
0.777275
0.787306
0.794853
0.79985
0.802665
0.803677
0.802962
0.800263
0.795127
0.787422
0.777537
0.766404
0.755392
0.746111
0.740223
0.739094
0.743572
0.753765
0.768989
0.787835
0.808457
0.828846
0.84712
0.861663
0.871299
0.875226
0.872947
0.864244
0.849333
0.828968
0.804658
0.778514
0.753079
0.730831
0.713603
0.702309
0.696868
0.696527
0.700282
0.707143
0.71623
0.726547
0.73672
0.745058
0.749908
0.750134
0.74547
0.736645
0.725099
0.712845
0.702059
0.694575
0.691543
0.693137
0.698628
0.706914
0.716871
0.727419
0.737413
0.745555
0.750726
0.752291
0.750494
0.746536
0.742199
0.739313
0.739189
0.742174
0.747611
0.754101
0.760059
0.764273
