1.09914
1.09618
1.09103
1.08348
1.07324
1.05997
1.04319
1.0224
0.997043
0.966642
0.930892
0.889808
0.843864
0.794144
0.742394
0.690966
0.64253
0.599708
0.56458
0.538377
0.521366
0.512941
0.511868
0.516545
0.52525
0.536335
0.548338
0.560072
0.570672
0.579604
0.586644
0.591858
0.595501
0.597944
0.599546
0.600582
0.601153
0.601209
0.600533
0.598805
0.595698
0.590965
0.584536
0.576543
0.567354
0.557528
0.547725
0.538599
0.530745
0.524621
0.520552
0.51871
0.519085
0.521506
0.525646
0.531057
0.537216
0.543561
0.549545
0.554674
0.558569
0.561025
0.562043
0.561801
0.560607
0.558863
0.556967
0.555281
0.554101
0.553686
0.554257
0.555957
0.558802
0.562618
0.567063
0.571718
0.57615
0.580055
0.583276
0.585809
0.587787
0.589422
0.590938
0.592527
0.594299
0.59628
0.598399
0.600516
0.602455
0.604011
0.605004
0.605281
0.604758
0.603444
0.601457
0.599031
0.596471
0.594092
0.59216
0.590831
0.590123
0.589876
0.589837
0.589696
0.58916
0.588049
0.586307
0.584012
0.58127
0.578132
0.574517
0.570226
0.565029
0.558781
0.551524
0.543475
0.535053
0.526796
0.519285
0.513051
0.50851
0.505879
0.505144
0.506053
0.508164
0.510965
0.514004
0.516992
0.519814
0.522508
0.525228
0.528159
0.531468
0.535258
0.539531
0.544161
0.548921
0.553553
0.557801
0.561541
0.564811
0.567741
0.570478
0.573062
0.575376
0.577187
0.578255
0.578425
0.577661
0.576048
0.57376
0.571107
0.568489
0.566413
0.565444
0.566139
0.568961
0.574145
0.581582
0.590793
0.600973
0.611146
0.620357
0.627831
0.633091
0.635962
0.636538
0.635074
0.631948
0.627629
0.622592
0.617302
0.612198
0.607634
0.603892
0.601118
0.599357
0.598545
0.598503
0.598967
0.599636
0.600216
0.600484
0.600305
0.599656
0.598596
0.597252
0.595797
0.59447
0.593552
0.593328
0.594055
0.595883
0.59878
0.602497
0.606614
0.610651
0.614177
0.616889
0.618664
0.619526
0.619618
0.619155
0.618385
0.617548
0.616845
0.616422
0.616365
0.616684
0.617299
0.618071
0.618816
0.619347
0.619501
0.619165
0.618289
0.616884
0.615024
0.612839
0.610468
0.60804
0.605622
0.603189
0.600601
0.597627
0.59402
0.589616
0.584457
0.57889
0.573547
0.569156
0.566262
0.565003
0.565112
0.566108
0.567578
0.569335
0.571473
0.574336
0.578354
0.583884
0.59107
0.599726
0.609325
0.619082
0.628116
0.6356
0.640903
0.643667
0.643794
0.641428
0.636924
0.630784
0.623615
0.616061
0.608714
0.602023
0.596252
0.591459
0.587586
0.584545
0.5823
0.580919
0.580504
0.581104
0.582607
0.584732
0.587074
0.58922
0.59087
0.591949
0.592649
0.59337
0.594595
0.596778
0.600149
0.604643
0.60989
0.61535
0.620485
0.624893
0.628304
0.630601
0.631753
0.631774
0.630686
0.62851
0.625266
0.621002
0.615779
0.60973
0.603038
0.595968
0.588851
0.582034
0.575826
0.570445
0.566002
0.562485
0.559804
0.557861
0.556605
0.556091
0.55644
0.557802
0.560243
0.563642
0.56766
0.571781
0.57548
0.578405
0.580579
0.582456
0.584786
0.588266
0.593048
0.598466
0.603261
0.6062
0.606646
0.604737
0.601209
0.597078
0.593358
0.590829
0.58992
0.590695
0.592914
0.596102
0.599619
0.602783
0.605001
0.605845
0.605128
0.602892
0.599362
0.594921
0.590034
0.585191
0.580846
0.577393
0.575095
0.574081
0.574364
0.575854
0.578401
0.581826
0.585931
0.590494
0.595265
0.59995
0.604253
0.607896
0.610684
0.612534
0.613485
0.61366
0.613258
0.612488
0.611552
0.610652
0.609916
0.609357
0.608885
0.608283
0.607274
0.605588
0.603029
0.599517
0.595107
0.589961
0.584287
0.578253
0.571985
0.565534
0.558889
0.551962
0.544582
0.53654
0.527666
0.517995
0.507927
0.49829
0.490251
0.484999
0.483399
0.485738
0.491704
0.500554
0.511355
0.523176
0.535157
0.546544
0.556681
0.56506
0.571391
0.575633
0.577981
0.578811
0.578569
1.09649
1.0875
1.07368
1.05571
1.03432
1.01032
0.984751
0.958914
0.934327
0.91248
0.894517
0.880807
0.870752
0.863039
0.85628
0.849627
0.843144
0.837762
0.835003
0.836346
0.842548
0.853246
0.867074
0.882077
0.896202
0.907584
0.91471
0.916567
0.912767
0.903623
0.890092
0.873685
0.856325
0.840152
0.827276
0.81939
0.817305
0.820724
0.828403
0.838638
0.849789
0.860693
0.870805
0.880174
0.889227
0.898433
0.907888
0.917036
0.924651
0.929131
0.929008
0.923499
0.912976
0.899073
0.88426
0.870788
0.859832
0.851524
0.845589
0.841888
0.840413
0.841048
0.843374
0.846652
0.849979
0.852572
0.854013
0.854358
0.854086
0.853878
0.854385
0.856054
0.859103
0.863535
0.869141
0.875545
0.882278
0.888908
0.895
0.900114
0.90373
0.905245
0.904071
0.899803
0.892363
0.882082
0.86969
0.856359
0.843703
0.833629
0.827871
0.827437
0.832205
0.840907
0.851545
0.861958
0.870274
0.875221
0.876265
0.873644
0.868199
0.861098
0.853504
0.846325
0.840212
0.835578
0.832455
0.830262
0.827949
0.824614
0.820233
0.815972
0.813782
0.815424
0.821471
0.830976
0.841884
0.85199
0.85967
0.864179
0.865498
0.863997
0.860218
0.854735
0.848175
0.841189
0.834352
0.827997
0.822176
0.816713
0.811347
0.805942
0.80068
0.796156
0.793399
0.793622
0.797822
0.806376
0.818788
0.833744
0.849443
0.864078
0.876159
0.884739
0.889461
0.890498
0.888485
0.884398
0.879411
0.874682
0.871176
0.869547
0.870121
0.872867
0.877332
0.882586
0.887374
0.890498
0.891229
0.889481
0.885587
0.880038
0.873215
0.865404
0.856959
0.848452
0.840664
0.834395
0.830263
0.828551
0.829244
0.832167
0.837053
0.84343
0.850547
0.857419
0.863057
0.866686
0.867905
0.866724
0.863581
0.859412
0.855509
0.853045
0.852537
0.853744
0.856127
0.859404
0.863643
0.868947
0.875092
0.881403
0.886906
0.890566
0.891563
0.8895
0.884577
0.877563
0.869498
0.861152
0.852804
0.844632
0.83718
0.831272
0.827447
0.825532
0.824901
0.824977
0.825476
0.826328
0.82747
0.828751
0.829993
0.831079
0.831948
0.832606
0.833196
0.834001
0.835338
0.837297
0.839621
0.841746
0.843073
0.843205
0.842062
0.83984
0.836942
0.833946
0.831468
0.829987
0.829699
0.830487
0.832003
0.833859
0.8358
0.837755
0.839819
0.842107
0.844631
0.847298
0.849946
0.852436
0.854729
0.856897
0.859195
0.862073
0.866137
0.87196
0.879774
0.8893
0.8997
0.909839
0.91861
0.925112
0.928709
0.928989
0.925749
0.918978
0.908927
0.89609
0.881114
0.864732
0.847733
0.830923
0.815125
0.801196
0.789947
0.781983
0.777626
0.776912
0.779667
0.785547
0.794013
0.804282
0.815359
0.826319
0.836548
0.845858
0.85433
0.862026
0.868781
0.874244
0.878113
0.880418
0.881645
0.882491
0.883296
0.883624
0.882317
0.878113
0.870401
0.859648
0.847503
0.836481
0.829245
0.82766
0.832248
0.842248
0.85606
0.871521
0.886108
0.89737
0.903549
0.904052
0.899526
0.891688
0.882821
0.875178
0.870407
0.86917
0.871134
0.875171
0.879816
0.883647
0.885539
0.884825
0.881306
0.875265
0.867538
0.859634
0.853688
0.85204
0.856396
0.867064
0.88273
0.900891
0.918508
0.93273
0.941457
0.943426
0.9382
0.925902
0.907121
0.883019
0.855432
0.827011
0.801084
0.78117
0.770249
0.769871
0.779745
0.797839
0.820989
0.845715
0.868995
0.888647
0.903444
0.912916
0.917133
0.916526
0.911766
0.90372
0.893417
0.882004
0.870656
0.860455
0.852282
0.846673
0.843745
0.843135
0.844132
0.845965
0.848091
0.85036
0.852912
0.855925
0.859374
0.863011
0.866555
0.869885
0.873095
0.876368
0.879701
0.882719
0.884763
0.88522
0.883769
0.880459
0.875517
0.869145
0.861427
0.852469
0.842674
0.832926
0.824405
0.818154
0.814711
0.813941
0.815166
0.817384
0.819479
0.820392
0.819416
0.816559
0.812832
0.81013
0.810474
0.814874
0.82286
0.832865
1.10915
1.11306
1.1104
1.10161
1.0885
1.07406
1.06182
1.05462
1.05344
1.05684
1.0617
1.06467
1.06337
1.05708
1.04675
1.03447
1.02267
1.01336
1.00745
1.0045
1.00315
1.0018
0.999279
0.995096
0.989429
0.982966
0.976784
0.972206
0.970577
0.972819
0.979008
0.987983
0.997423
1.00464
1.00771
1.00655
1.0031
1.00066
1.00241
1.01005
1.02351
1.04158
1.06275
1.08534
1.10726
1.1259
1.13854
1.14294
1.13785
1.1232
1.10016
1.07092
1.0386
1.007
0.980066
0.960966
0.951174
0.950122
0.955881
0.966085
0.978688
0.992113
1.00516
1.01687
1.02656
1.03395
1.03927
1.04328
1.04694
1.0511
1.05616
1.06203
1.06813
1.07328
1.07592
1.0745
1.06813
1.0571
1.0431
1.02882
1.01707
1.00955
1.00634
1.00633
1.00806
1.01034
1.01229
1.01318
1.01233
1.00908
1.00343
0.997326
0.995294
1.00172
1.01613
1.03317
1.0473
1.0559
1.05878
1.05668
1.05064
1.04191
1.03197
1.02229
1.01379
1.00635
0.999024
0.990712
0.981139
0.971503
0.964336
0.962574
0.968231
0.981463
1.00049
1.02241
1.0442
1.06359
1.07937
1.09124
1.0995
1.1048
1.10789
1.10954
1.11053
1.11145
1.1124
1.11302
1.11276
1.11123
1.10845
1.10484
1.10103
1.09755
1.09464
1.09214
1.08952
1.08612
1.08145
1.07565
1.06964
1.06492
1.06296
1.06436
1.06862
1.07446
1.08034
1.08478
1.08666
1.08534
1.08077
1.07354
1.0648
1.05605
1.0488
1.04411
1.04248
1.04391
1.04811
1.05446
1.06182
1.06858
1.07312
1.07451
1.07299
1.07011
1.0681
1.06887
1.07312
1.08011
1.08805
1.09485
1.09905
1.10044
1.10028
1.10077
1.10357
1.10866
1.11454
1.11931
1.12167
1.12111
1.11792
1.11294
1.10734
1.10231
1.09866
1.09666
1.09615
1.09669
1.0978
1.099
1.09967
1.09907
1.09632
1.09069
1.08187
1.07019
1.05663
1.04275
1.03038
1.02128
1.01663
1.01661
1.02038
1.02644
1.03334
1.04011
1.04653
1.05287
1.05962
1.06708
1.07501
1.08257
1.08846
1.09119
1.08958
1.08312
1.07225
1.05833
1.04334
1.02943
1.01864
1.01261
1.01245
1.01846
1.03001
1.04571
1.06389
1.08309
1.10212
1.1197
1.13441
1.1448
1.14991
1.14948
1.14396
1.13449
1.12284
1.11108
1.10089
1.093
1.08707
1.08225
1.07752
1.07199
1.06511
1.05691
1.04818
1.04011
1.03348
1.02819
1.02365
1.01976
1.01721
1.01695
1.01957
1.02517
1.03366
1.04488
1.05858
1.07406
1.09017
1.10541
1.11825
1.12745
1.13216
1.1321
1.12736
1.11841
1.10595
1.0908
1.07372
1.05544
1.03641
1.01683
0.996797
0.97683
0.958214
0.942693
0.931721
0.926076
0.92607
0.931791
0.943085
0.959383
0.979556
1.0019
1.02429
1.04445
1.06029
1.07017
1.07328
1.06975
1.0606
1.04744
1.03181
1.01493
0.997848
0.981748
0.968032
0.957977
0.952422
0.951573
0.95493
0.961236
0.968617
0.974962
0.978403
0.977768
0.972899
0.964678
0.954784
0.945199
0.937513
0.932511
0.930156
0.929964
0.931398
0.934195
0.938306
0.943699
0.950075
0.956723
0.962848
0.968069
0.972815
0.978195
0.985365
0.994838
1.00622
1.01853
1.03066
1.04168
1.05114
1.05898
1.06547
1.07079
1.07484
1.07732
1.07814
1.07758
1.07624
1.07474
1.07341
1.0721
1.07032
1.06739
1.06272
1.05602
1.04747
1.03776
1.02803
1.01951
1.01285
1.00771
1.0031
0.997747
0.990296
0.979459
0.964579
0.946558
0.928354
0.914544
0.909797
0.916738
0.934668
0.96007
0.988368
1.01542
1.03821
1.055
1.06522
1.06925
1.06823
1.06372
1.05739
1.05075
1.04505
1.04121
1.03983
1.04113
1.04486
1.05031
1.05641
1.06205
1.06643
1.06925
1.07068
1.07109
1.07067
1.06922
1.06626
1.06153
1.05538
1.04883
1.0432
1.03948
1.03794
1.03821
1.10115
1.10237
1.10378
1.10595
1.10935
1.11395
1.11899
1.12306
1.12444
1.12159
1.11366
1.10086
1.08476
1.06804
1.05379
1.04439
1.04071
1.04193
1.04604
1.05075
1.05421
1.05555
1.055
1.05386
1.05405
1.05725
1.06416
1.07421
1.0858
1.09692
1.10632
1.11398
1.12079
1.12757
1.13437
1.14048
1.14489
1.14686
1.14611
1.14281
1.13735
1.1301
1.1212
1.11056
1.0983
1.08524
1.07293
1.06319
1.05766
1.05743
1.06309
1.07444
1.09005
1.10735
1.12365
1.13711
1.14701
1.15356
1.15742
1.15917
1.15896
1.15639
1.15078
1.14161
1.12892
1.11341
1.09653
1.08025
1.0667
1.05736
1.05241
1.0504
1.04889
1.04551
1.03905
1.02977
1.01925
1.00986
1.00404
1.00355
1.00877
1.01864
1.03125
1.04484
1.05823
1.0708
1.08203
1.09138
1.09837
1.1028
1.10481
1.10477
1.10319
1.10063
1.09765
1.09454
1.09111
1.0865
1.07942
1.06872
1.05402
1.03604
1.01657
0.998155
0.983753
0.976481
0.978938
0.992075
1.01437
1.04228
1.07152
1.09832
1.1199
1.13458
1.1416
1.14102
1.13354
1.1205
1.10385
1.08594
1.06886
1.05385
1.04114
1.03046
1.02164
1.0148
1.01019
1.00775
1.00694
1.00706
1.00788
1.00992
1.01401
1.02082
1.03031
1.04174
1.05401
1.06593
1.07622
1.08341
1.08594
1.08267
1.07361
1.06094
1.04909
1.04343
1.04749
1.06097
1.08028
1.10073
1.11845
1.13098
1.13715
1.13711
1.13214
1.12406
1.11446
1.10428
1.09389
1.08335
1.07266
1.06156
1.04953
1.03608
1.0213
1.00636
0.993381
0.984823
0.982528
0.987124
0.99796
1.0135
1.03184
1.05127
1.07069
1.08953
1.10752
1.12417
1.13793
1.1462
1.14642
1.13737
1.1198
1.09606
1.06956
1.04393
1.02233
1.00694
0.998737
0.997689
1.00309
1.01366
1.02746
1.04204
1.05513
1.06513
1.07124
1.07315
1.07096
1.06526
1.05715
1.0482
1.04033
1.03541
1.03437
1.03654
1.03998
1.04259
1.04305
1.04112
1.03743
1.03325
1.03024
1.03008
1.03395
1.04191
1.05271
1.06414
1.07392
1.08041
1.08296
1.08172
1.07725
1.07018
1.06118
1.0509
1.04015
1.02993
1.02143
1.01588
1.01419
1.01664
1.02282
1.03188
1.04278
1.05446
1.0658
1.07561
1.08275
1.08642
1.08656
1.08416
1.08139
1.08107
1.08525
1.09365
1.10354
1.11136
1.11466
1.11292
1.10726
1.09958
1.09164
1.0843
1.07735
1.06977
1.06048
1.04908
1.03629
1.02371
1.01304
1.00515
0.999799
0.995945
0.992397
0.988068
0.982049
0.973607
0.962313
0.948319
0.932627
0.917199
0.904603
0.897084
0.895632
0.89987
0.908632
0.92077
0.935484
0.952109
0.969758
0.987208
1.00306
1.01602
1.02517
1.03012
1.03117
1.02929
1.02595
1.0227
1.02071
1.02036
1.02139
1.0233
1.02584
1.02931
1.03437
1.04161
1.051
1.06171
1.07221
1.08071
1.08562
1.08592
1.08135
1.07251
1.06086
1.04852
1.03771
1.03001
1.026
1.02544
1.02787
1.03287
1.04005
1.04882
1.05856
1.06874
1.07921
1.0901
1.10156
1.11337
1.12465
1.13389
1.13924
1.13901
1.13205
1.11804
1.09744
1.07137
1.04135
1.00912
0.97663
0.94617
0.920134
0.900375
0.887548
0.881339
0.881392
0.888137
0.902526
0.924653
0.952439
0.981984
1.00934
1.03184
1.04824
1.05811
1.06133
1.05805
1.0489
1.03541
1.0202
1.00679
0.998164
0.995203
0.996617
1.00023
1.00406
1.00665
1.00689
1.00397
0.997506
0.987722
0.975535
0.962566
0.951023
0.94378
0.944656
0.957613
0.983585
1.01806
1.05345
1.08383
1.10683
1.12261
1.13239
1.13732
1.13803
1.13444
1.12588
1.11169
1.09212
1.06894
1.04515
1.02363
1.00599
0.99275
0.984643
0.982979
0.988646
1.00109
1.01861
1.03901
1.05952
1.077
1.08846
1.09209
1.08805
1.07854
1.08863
1.07735
1.06799
1.0607
1.05533
1.05177
1.04981
1.04912
1.04934
1.0502
1.05153
1.05317
1.05496
1.0568
1.05863
1.06034
1.06178
1.06281
1.06349
1.06427
1.06592
1.06912
1.07398
1.07983
1.08556
1.09024
1.09351
1.09566
1.09738
1.09936
1.10188
1.10462
1.10686
1.10794
1.1077
1.10674
1.10625
1.10747
1.11112
1.11707
1.12434
1.13156
1.13748
1.14132
1.14276
1.14184
1.13876
1.13373
1.12687
1.11825
1.10785
1.09578
1.08232
1.06832
1.05549
1.04633
1.04325
1.04722
1.05727
1.07115
1.0866
1.10195
1.11619
1.12887
1.1399
1.14933
1.15715
1.16312
1.16677
1.16767
1.16588
1.16242
1.15917
1.15822
1.16092
1.16717
1.17564
1.18447
1.19198
1.19706
1.19934
1.19918
1.19753
1.19558
1.19422
1.19356
1.19277
1.19029
1.18437
1.17373
1.15818
1.139
1.11906
1.10211
1.09115
1.08645
1.08522
1.08312
1.07676
1.06509
1.04946
1.0328
1.0186
1.00985
1.00834
1.01452
1.0275
1.04538
1.06564
1.0856
1.10293
1.11619
1.12502
1.13003
1.13237
1.13306
1.13265
1.13104
1.12771
1.12207
1.11387
1.10355
1.09243
1.08256
1.07567
1.07222
1.0714
1.0723
1.0749
1.07989
1.08808
1.0998
1.11458
1.13109
1.14744
1.16143
1.17093
1.17411
1.16975
1.15748
1.13803
1.11325
1.08595
1.05958
1.03773
1.02343
1.01854
1.02327
1.03597
1.05357
1.07246
1.08953
1.10276
1.11135
1.11545
1.1158
1.11321
1.1082
1.10102
1.09201
1.08209
1.07275
1.0656
1.06165
1.06067
1.06132
1.06177
1.06053
1.05703
1.0515
1.04464
1.03726
1.03029
1.02488
1.02235
1.02401
1.03079
1.04274
1.05855
1.07571
1.09142
1.10363
1.11164
1.11605
1.11833
1.1202
1.12293
1.12685
1.1312
1.1345
1.13525
1.13239
1.12541
1.11411
1.09884
1.0809
1.06277
1.04782
1.03956
1.04034
1.05002
1.06563
1.08288
1.09793
1.10823
1.11256
1.1109
1.10432
1.09469
1.0843
1.07534
1.06918
1.06584
1.06409
1.06224
1.05915
1.05445
1.0482
1.0404
1.03091
1.01979
1.00789
0.997081
0.989718
0.987716
0.991895
1.00192
1.01655
1.03398
1.05222
1.06938
1.08403
1.09532
1.10294
1.10703
1.10815
1.1074
1.10651
1.10787
1.11363
1.12403
1.13664
1.14782
1.15503
1.15779
1.15738
1.15573
1.15448
1.15439
1.15525
1.15632
1.15673
1.15588
1.15346
1.14918
1.14257
1.13295
1.11984
1.10357
1.08587
1.06983
1.05894
1.05564
1.06001
1.06979
1.08137
1.0911
1.09631
1.0957
1.08941
1.07872
1.06567
1.05258
1.04154
1.03405
1.03083
1.03177
1.03602
1.04218
1.04849
1.05289
1.05323
1.04777
1.03586
1.01841
0.998081
0.978793
0.964831
0.95986
0.965904
0.982414
1.00619
1.03258
1.05722
1.07723
1.09126
1.09884
1.09985
1.09452
1.08399
1.07087
1.05906
1.0523
1.0525
1.05912
1.07036
1.08468
1.10143
1.12055
1.14183
1.16429
1.18597
1.20428
1.2167
1.22145
1.21805
1.20737
1.19145
1.17294
1.15438
1.13752
1.12316
1.11149
1.1026
1.09662
1.09348
1.09264
1.09326
1.09454
1.09628
1.09862
1.1015
1.10418
1.10587
1.10677
1.1085
1.11319
1.12192
1.13369
1.14595
1.15585
1.1612
1.16093
1.15518
1.14507
1.13235
1.1189
1.10651
1.09656
1.08996
1.08705
1.08759
1.09094
1.09631
1.10277
1.10922
1.1142
1.1161
1.11383
1.10757
1.0992
1.09159
1.08677
1.0845
1.08284
1.0799
1.07501
1.06859
1.06169
1.05581
1.05288
1.05504
1.06387
1.07928
1.09886
1.11863
1.13472
1.14478
1.14815
1.14526
1.13711
1.12514
1.11133
1.09816
1.08811
1.0829
1.08308
1.08796
1.09604
1.10536
1.11379
1.11934
1.12046
1.11646
1.10773
1.09569
1.08252
1.07028
1.06007
1.05184
1.09315
1.0863
1.0802
1.07564
1.07327
1.07329
1.07541
1.07901
1.08347
1.08824
1.09301
1.09776
1.10278
1.10869
1.11608
1.1249
1.13408
1.14177
1.14619
1.14634
1.14234
1.13529
1.12707
1.11999
1.11631
1.11749
1.12342
1.13232
1.1416
1.1489
1.15296
1.15363
1.15129
1.1462
1.13811
1.12643
1.1107
1.09129
1.06978
1.04889
1.03193
1.02186
1.0203
1.02703
1.04031
1.05769
1.07675
1.09536
1.11167
1.12396
1.13075
1.13097
1.12412
1.11023
1.08977
1.06373
1.03383
1.00306
0.975729
0.956817
0.950415
0.958059
0.978025
1.00598
1.03657
1.06499
1.08803
1.10428
1.11399
1.1184
1.11919
1.11791
1.11581
1.11374
1.11225
1.1117
1.11223
1.11397
1.11707
1.1216
1.12732
1.13354
1.13936
1.14394
1.14657
1.14657
1.14339
1.13683
1.12737
1.11623
1.10509
1.09559
1.08907
1.08634
1.08761
1.09237
1.09945
1.10742
1.11517
1.12213
1.12804
1.13251
1.1348
1.13411
1.1299
1.12205
1.11102
1.09785
1.08421
1.0722
1.06398
1.0611
1.06395
1.07175
1.08308
1.09661
1.11143
1.12687
1.14195
1.15508
1.16424
1.16769
1.16491
1.15701
1.14615
1.13425
1.12212
1.10959
1.09642
1.08295
1.07023
1.06005
1.05436
1.05427
1.05914
1.06683
1.07474
1.08094
1.08434
1.0845
1.08114
1.07407
1.06334
1.04974
1.03508
1.02201
1.01306
1.00976
1.01225
1.0195
1.02984
1.04162
1.05377
1.06598
1.07855
1.09195
1.10644
1.12181
1.13717
1.15076
1.16029
1.16393
1.16109
1.15271
1.14102
1.1289
1.11918
1.11382
1.11342
1.11739
1.12443
1.13282
1.14067
1.1463
1.14869
1.14756
1.14316
1.13606
1.12697
1.11678
1.10648
1.09704
1.0892
1.08348
1.07999
1.07833
1.07741
1.07554
1.07085
1.06211
1.04958
1.03521
1.02198
1.01242
1.00739
1.00619
1.00769
1.01129
1.01681
1.024
1.03215
1.04019
1.04707
1.05224
1.05595
1.05919
1.06382
1.07223
1.08551
1.10194
1.1178
1.12962
1.13523
1.13371
1.12558
1.11388
1.10424
1.10201
1.10801
1.11821
1.12773
1.13391
1.13634
1.13556
1.13212
1.12618
1.11757
1.1062
1.09251
1.07761
1.06341
1.0523
1.0468
1.04894
1.05945
1.07715
1.09911
1.12157
1.14091
1.15457
1.16141
1.16163
1.15624
1.14664
1.13451
1.12201
1.11161
1.10537
1.10401
1.10691
1.11296
1.12117
1.1306
1.14015
1.14856
1.15469
1.15779
1.15755
1.15408
1.14778
1.13941
1.13008
1.12123
1.11438
1.11072
1.11086
1.1147
1.12164
1.13085
1.14133
1.15206
1.16207
1.17065
1.17737
1.18194
1.18404
1.18319
1.1789
1.17101
1.16026
1.14849
1.13845
1.13299
1.13386
1.14002
1.14731
1.15018
1.14521
1.13389
1.12281
1.11943
1.12613
1.13945
1.15455
1.16806
1.17779
1.18221
1.18069
1.17393
1.1639
1.15341
1.14548
1.14264
1.14654
1.15749
1.1741
1.19353
1.21231
1.22727
1.23614
1.23773
1.23164
1.21817
1.19823
1.17388
1.14871
1.1273
1.11251
1.10312
1.09495
1.08439
1.07043
1.05466
1.04021
1.03058
1.02839
1.03446
1.04753
1.06497
1.08379
1.10137
1.11579
1.12575
1.13043
1.12943
1.12276
1.11116
1.0964
1.08147
1.07003
1.06513
1.06771
1.07643
1.08886
1.10319
1.1188
1.13559
1.15279
1.16837
1.17983
1.18542
1.1847
1.17856
1.16878
1.15768
1.14761
1.14028
1.13602
1.13365
1.13112
1.12672
1.11981
1.11109
1.10247
1.09647
1.09528
1.0999
1.1098
1.12336
1.13858
1.15353
1.16649
1.17587
1.18035
1.17886
1.17092
1.15689
1.13846
1.11875
1.10142
1.08929
1.08338
1.08311
1.08719
1.09427
1.1031
1.11255
1.12144
1.12865
1.13337
1.13533
1.13504
1.13368
1.13281
1.13385
1.13748
1.14344
1.15055
1.15729
1.16222
1.10205
1.10221
1.10076
1.09849
1.09646
1.09571
1.09711
1.10111
1.10751
1.11542
1.12335
1.12953
1.13211
1.12936
1.12008
1.10415
1.08303
1.05978
1.03848
1.02299
1.01549
1.01568
1.02133
1.02995
1.03996
1.05078
1.06218
1.07384
1.0852
1.09561
1.10435
1.11071
1.11409
1.11409
1.11078
1.10507
1.09869
1.09358
1.0908
1.08978
1.08893
1.08695
1.08375
1.08033
1.07783
1.07655
1.07576
1.07426
1.07091
1.06468
1.05462
1.03995
1.02072
0.998275
0.974912
0.95281
0.933361
0.91768
0.907496
0.904862
0.910894
0.924957
0.944955
0.968462
0.993895
1.02081
1.0493
1.07902
1.10856
1.13556
1.15751
1.17257
1.17996
1.17991
1.17324
1.16144
1.14712
1.13414
1.12642
1.12616
1.13297
1.14454
1.15761
1.16879
1.17532
1.17554
1.16908
1.15662
1.1397
1.12049
1.10157
1.08573
1.07506
1.06987
1.0683
1.06771
1.06641
1.06422
1.06155
1.05866
1.0554
1.05165
1.04746
1.0431
1.03891
1.03527
1.03288
1.03279
1.03607
1.04312
1.0534
1.06573
1.07884
1.09143
1.10195
1.1087
1.11032
1.10647
1.09835
1.08859
1.08053
1.07677
1.07816
1.0835
1.09047
1.09692
1.10153
1.104
1.10485
1.10518
1.10634
1.10947
1.11507
1.12298
1.1325
1.14278
1.15287
1.16173
1.1681
1.17057
1.16791
1.15965
1.14673
1.1317
1.11801
1.10865
1.10515
1.1074
1.11384
1.12206
1.12953
1.13435
1.13572
1.1338
1.12919
1.1225
1.11436
1.10558
1.09724
1.09046
1.08605
1.08405
1.08375
1.08423
1.08517
1.0873
1.09163
1.09782
1.10328
1.10418
1.09776
1.08393
1.0655
1.04734
1.03506
1.03309
1.04267
1.06083
1.08185
1.1
1.11153
1.11514
1.11134
1.10172
1.08832
1.07312
1.05771
1.04326
1.03064
1.02049
1.01312
1.00836
1.00572
1.00447
1.00393
1.00364
1.00359
1.00429
1.00655
1.01107
1.01801
1.027
1.03741
1.04854
1.05931
1.06777
1.07124
1.06734
1.0556
1.03866
1.02217
1.01235
1.01218
1.01965
1.03005
1.03939
1.04558
1.0479
1.04611
1.04022
1.03077
1.01917
1.00774
0.999192
0.995496
0.997027
1.00297
1.01257
1.02577
1.04235
1.06075
1.07818
1.09191
1.10044
1.10387
1.10355
1.10131
1.09879
1.09696
1.09603
1.09569
1.0955
1.09526
1.09499
1.09488
1.09509
1.09551
1.09577
1.09523
1.09323
1.08948
1.0844
1.07898
1.07437
1.07131
1.06996
1.06991
1.07046
1.07107
1.07145
1.07165
1.07174
1.07172
1.07139
1.07058
1.06946
1.06876
1.06972
1.0737
1.08164
1.09365
1.10891
1.12579
1.14218
1.15589
1.16527
1.16963
1.16943
1.16596
1.16079
1.15516
1.14934
1.14257
1.13317
1.1194
1.10039
1.07705
1.05201
1.02886
1.01083
0.999839
0.996238
0.999268
1.00759
1.01961
1.03342
1.04681
1.05769
1.06457
1.06693
1.06529
1.06091
1.05545
1.05047
1.04693
1.04493
1.04369
1.04197
1.0387
1.0334
1.02641
1.01877
1.01191
1.00716
1.00543
1.00713
1.01221
1.02047
1.03157
1.04502
1.06
1.07535
1.08953
1.10081
1.10748
1.10826
1.1027
1.09156
1.07678
1.06128
1.04842
1.04106
1.04028
1.04472
1.05128
1.05688
1.05987
1.06039
1.05983
1.06003
1.06253
1.06803
1.07633
1.08662
1.09818
1.11085
1.12461
1.13876
1.15147
1.16042
1.16396
1.16176
1.15495
1.14559
1.13582
1.12678
1.1184
1.10979
1.10012
1.08895
1.07636
1.06296
1.04969
1.03774
1.02831
1.02228
1.01997
1.02115
1.02516
1.03126
1.03878
1.04684
1.05432
1.06003
1.06324
1.06392
1.06254
1.0596
1.0553
1.04949
1.04185
1.03229
1.02121
1.00987
1.00029
0.994624
0.993996
0.997521
1.00251
1.00584
1.00555
1.00148
0.994977
0.988209
0.983668
0.98391
0.991004
1.00565
1.02654
1.05071
1.12292
1.14373
1.1599
1.17102
1.17708
1.17819
1.17455
1.16651
1.15472
1.14006
1.12375
1.10731
1.09265
1.08188
1.0768
1.0782
1.08533
1.09617
1.10808
1.11856
1.12581
1.1289
1.12772
1.12291
1.11548
1.10651
1.09695
1.08754
1.07892
1.0717
1.06649
1.06379
1.06387
1.0666
1.07143
1.07732
1.08282
1.08644
1.08709
1.08433
1.07827
1.0695
1.05965
1.05209
1.05096
1.0579
1.0705
1.0847
1.09803
1.11022
1.12165
1.13158
1.13785
1.13829
1.13303
1.12556
1.12039
1.11925
1.12007
1.11985
1.11731
1.1131
1.10864
1.1049
1.10192
1.09902
1.09568
1.09243
1.09086
1.09247
1.09689
1.10181
1.10436
1.10261
1.09581
1.084
1.06765
1.04778
1.02621
1.00559
0.989033
0.979206
0.977638
0.984424
0.998277
1.01674
1.0366
1.05459
1.06814
1.07622
1.07966
1.08086
1.08245
1.08567
1.08997
1.09379
1.0958
1.09538
1.09256
1.08813
1.08353
1.08069
1.08145
1.08693
1.09704
1.11068
1.12615
1.14179
1.15643
1.16932
1.18002
1.18814
1.19335
1.19551
1.1949
1.19215
1.18804
1.18322
1.17818
1.17327
1.16883
1.16521
1.16258
1.16049
1.15784
1.15335
1.14632
1.13702
1.12663
1.11679
1.10885
1.10345
1.10061
1.09999
1.10105
1.10299
1.10468
1.10469
1.10169
1.09476
1.08379
1.06967
1.05445
1.0414
1.03458
1.03761
1.05187
1.07555
1.10445
1.13376
1.15947
1.17884
1.19047
1.19403
1.19012
1.18022
1.16649
1.15137
1.13697
1.12493
1.11681
1.11408
1.11739
1.12604
1.13801
1.15084
1.16238
1.17124
1.17692
1.17965
1.17999
1.17855
1.17575
1.17181
1.16691
1.16129
1.15528
1.14912
1.14279
1.136
1.1285
1.12026
1.11136
1.10176
1.0911
1.0789
1.06502
1.05009
1.03556
1.02322
1.01458
1.01047
1.0112
1.01685
1.02761
1.04378
1.06506
1.0897
1.1145
1.13577
1.15073
1.15815
1.15825
1.15214
1.1416
1.12906
1.11758
1.11024
1.10912
1.11455
1.12513
1.13857
1.15226
1.16393
1.17195
1.1756
1.17499
1.17059
1.16281
1.15216
1.13953
1.12627
1.11383
1.10326
1.09499
1.08875
1.08366
1.0785
1.07199
1.0633
1.05261
1.04195
1.03526
1.03673
1.04776
1.06548
1.08459
1.10065
1.11161
1.11751
1.11947
1.11892
1.11723
1.11548
1.11434
1.11397
1.11393
1.1134
1.1115
1.10781
1.1027
1.09742
1.09381
1.09384
1.09896
1.10961
1.12496
1.14315
1.16183
1.17873
1.19188
1.19978
1.20149
1.19675
1.18631
1.17195
1.15577
1.13924
1.12227
1.10353
1.08167
1.0566
1.0299
1.0042
0.981955
0.964739
0.953286
0.948031
0.949295
0.957106
0.97096
0.989801
1.01215
1.03637
1.06085
1.08424
1.10552
1.12388
1.13853
1.14867
1.15405
1.15541
1.15467
1.15426
1.15595
1.1601
1.16569
1.1712
1.17524
1.17676
1.17504
1.16973
1.16103
1.14981
1.13758
1.12622
1.11738
1.112
1.10996
1.11035
1.11197
1.11373
1.11465
1.11376
1.11005
1.10271
1.0916
1.07752
1.06211
1.04732
1.03491
1.02612
1.02144
1.02069
1.02343
1.02925
1.03798
1.04963
1.06401
1.08046
1.09791
1.11516
1.13128
1.14571
1.15798
1.1672
1.17195
1.17069
1.16255
1.14786
1.12851
1.10756
1.08857
1.07458
1.06737
1.06714
1.07261
1.08173
1.09259
1.10417
1.11629
1.12915
1.1426
1.15597
1.1682
1.17827
1.18554
1.18973
1.19092
1.18941
1.18562
1.18007
1.17333
1.16593
1.15829
1.15062
1.14308
1.13622
1.13139
1.13064
1.13534
1.14438
1.15435
1.16188
1.16586
1.1678
1.17033
1.17535
1.18279
1.191
1.19782
1.20133
1.19999
1.19273
1.17965
1.1628
1.14587
1.13261
1.1249
1.12198
1.12161
1.12174
1.12142
1.12073
1.12019
1.12026
1.1212
1.12312
1.12614
1.13043
1.10548
1.11259
1.12041
1.12804
1.13437
1.1383
1.13891
1.13581
1.12929
1.1202
1.10976
1.0993
1.09004
1.08295
1.07854
1.07673
1.07688
1.07821
1.08031
1.08352
1.08876
1.09713
1.10919
1.12454
1.1417
1.15851
1.17285
1.18318
1.18861
1.18871
1.1833
1.17235
1.15607
1.13513
1.11088
1.08539
1.06138
1.04194
1.02995
1.027
1.03247
1.04347
1.05617
1.06713
1.07429
1.07709
1.07631
1.07366
1.07126
1.07099
1.07393
1.08021
1.08918
1.09973
1.1105
1.12012
1.12753
1.13201
1.13331
1.13149
1.12676
1.11963
1.11096
1.10218
1.09505
1.09102
1.09045
1.09244
1.09535
1.09767
1.09858
1.0981
1.09694
1.09633
1.09786
1.10308
1.113
1.12751
1.1451
1.16328
1.17925
1.19068
1.19619
1.19549
1.18924
1.17873
1.16551
1.15108
1.13693
1.12447
1.11524
1.11078
1.11237
1.12057
1.13485
1.15348
1.17375
1.19262
1.20749
1.2167
1.21966
1.2166
1.20834
1.1959
1.18034
1.16271
1.14439
1.12725
1.11349
1.10467
1.10093
1.10094
1.10278
1.10486
1.1063
1.10691
1.10706
1.10743
1.10875
1.11134
1.11499
1.11891
1.12205
1.12368
1.12381
1.12325
1.12328
1.12507
1.12913
1.1351
1.142
1.14853
1.15344
1.15577
1.15505
1.15144
1.14578
1.13955
1.13411
1.12979
1.12562
1.12014
1.11278
1.10462
1.09797
1.09521
1.09748
1.10408
1.11291
1.12148
1.12792
1.1312
1.13112
1.12806
1.12274
1.11604
1.10869
1.10093
1.09245
1.08257
1.07089
1.05797
1.04572
1.03723
1.03544
1.04126
1.05266
1.06597
1.07799
1.08705
1.09285
1.09554
1.09506
1.09101
1.0833
1.07329
1.06438
1.06044
1.06312
1.07122
1.08284
1.09705
1.11366
1.13223
1.15161
1.17013
1.18606
1.19793
1.20488
1.2068
1.20435
1.19862
1.1907
1.1816
1.17243
1.16384
1.15513
1.14409
1.12848
1.10777
1.08351
1.05887
1.03768
1.02329
1.01747
1.02018
1.03006
1.04484
1.06116
1.07486
1.0821
1.08101
1.07282
1.06159
1.05187
1.04597
1.04315
1.04113
1.03767
1.03149
1.02297
1.01451
1.00985
1.01201
1.02146
1.036
1.05229
1.0674
1.07934
1.08672
1.08832
1.08283
1.06928
1.04749
1.01866
0.985587
0.952445
0.924032
0.904357
0.895439
0.897092
0.907528
0.923966
0.943007
0.961165
0.975722
0.985859
0.993111
1.00051
1.01055
1.02363
1.03816
1.05194
1.06336
1.07166
1.07664
1.07822
1.07634
1.07116
1.06338
1.05439
1.04605
1.04011
1.03765
1.03883
1.0432
1.05019
1.05936
1.07024
1.0821
1.09377
1.1039
1.11136
1.11549
1.1163
1.11429
1.11036
1.10569
1.10161
1.09945
1.10028
1.10428
1.1108
1.11876
1.12732
1.13604
1.14474
1.15319
1.16092
1.16725
1.17131
1.17231
1.16958
1.16255
1.15082
1.13451
1.11493
1.09482
1.07794
1.06756
1.06496
1.06888
1.07633
1.08415
1.09005
1.09289
1.09258
1.08972
1.08541
1.08109
1.07837
1.07889
1.08413
1.09464
1.10922
1.12491
1.13841
1.14748
1.15141
1.15068
1.14647
1.14012
1.13273
1.12496
1.11717
1.10993
1.10412
1.10076
1.10039
1.10257
1.10601
1.10896
1.10965
1.10642
1.09803
1.08387
1.06433
1.04137
1.01883
1.00165
0.993825
0.9962
1.00627
1.01975
1.03247
1.04136
1.04486
1.04283
1.03644
1.02791
1.02006
1.0156
1.01633
1.02263
1.03366
1.04795
1.06382
1.07964
1.09389
1.10535
1.11322
1.11731
1.11802
1.11597
1.1116
1.10503
1.09631
1.08595
1.07478
1.06372
1.05333
1.04375
1.03512
1.02808
1.024
1.02435
1.02988
1.04007
1.05339
1.06802
1.08244
1.09569
1.10722
1.11663
1.12357
1.12765
1.12852
1.12588
1.11963
1.11006
1.09822
1.08634
1.07792
1.07644
1.08306
1.0957
1.11063
1.12477
1.1364
1.14482
1.10446
1.10657
1.10646
1.10495
1.10293
1.10102
1.09926
1.0971
1.09364
1.0881
1.08009
1.06953
1.05663
1.0418
1.02575
1.00953
0.994353
0.981396
0.97173
0.966179
0.964825
0.966689
0.970024
0.973425
0.976761
0.981162
0.988091
0.998262
1.01118
1.02549
1.03983
1.05337
1.06588
1.07748
1.08815
1.09739
1.10427
1.10787
1.10769
1.10377
1.09651
1.08653
1.07462
1.06188
1.04967
1.03939
1.03193
1.02754
1.02585
1.02618
1.02781
1.03014
1.03239
1.03362
1.03295
1.03042
1.02764
1.0273
1.03112
1.03844
1.04693
1.0543
1.0592
1.06108
1.05973
1.055
1.04677
1.03541
1.02198
1.00801
0.995022
0.98389
0.97473
0.967359
0.961904
0.958894
0.958931
0.962026
0.96726
0.973103
0.978096
0.981361
0.982855
0.98336
0.984335
0.987595
0.994724
1.00631
1.02142
1.03793
1.05355
1.06671
1.07681
1.08398
1.08877
1.09185
1.09382
1.09498
1.09517
1.09384
1.09025
1.08384
1.07442
1.06224
1.0481
1.03341
1.01993
1.00918
1.0018
0.997574
0.995899
0.996341
0.99875
1.00313
1.00932
1.01671
1.02427
1.03089
1.03599
1.03972
1.04266
1.04531
1.04756
1.04869
1.04768
1.04376
1.03695
1.02825
1.01931
1.01161
1.00586
1.00211
1.00039
1.00114
1.00493
1.01169
1.02026
1.02876
1.03553
1.03992
1.04268
1.04566
1.05094
1.06004
1.07331
1.08985
1.10776
1.12467
1.1383
1.14692
1.14974
1.14707
1.1402
1.13112
1.12204
1.11485
1.11082
1.11044
1.1134
1.11882
1.12544
1.13184
1.13679
1.1394
1.13929
1.13651
1.13119
1.12337
1.11296
1.10004
1.08538
1.07079
1.05867
1.05091
1.04774
1.0477
1.04885
1.05023
1.05227
1.05583
1.06102
1.0668
1.07153
1.07367
1.07234
1.06752
1.06009
1.05142
1.04301
1.03624
1.03259
1.03341
1.03917
1.04865
1.05933
1.06848
1.07405
1.0751
1.07168
1.06457
1.05504
1.04462
1.0347
1.02635
1.02022
1.01657
1.01537
1.01638
1.01914
1.02304
1.02759
1.03244
1.03731
1.04191
1.04606
1.04978
1.05335
1.05709
1.0611
1.06529
1.06954
1.07394
1.07866
1.08347
1.08739
1.08884
1.08614
1.07821
1.06498
1.04752
1.02785
1.00855
0.992186
0.980926
0.976161
0.978319
0.986979
1.00098
1.01868
1.03827
1.05796
1.07615
1.0917
1.10404
1.11326
1.12003
1.12537
1.13018
1.13486
1.1392
1.14245
1.14374
1.1425
1.13879
1.13336
1.12743
1.12211
1.11794
1.11464
1.11117
1.10627
1.09885
1.08846
1.07545
1.06114
1.04741
1.03588
1.02714
1.02055
1.01494
1.00947
1.00414
0.999573
0.996342
0.994524
0.993783
0.99404
0.995966
1.0009
1.0102
1.02446
1.04303
1.06405
1.08501
1.10332
1.11669
1.12337
1.12219
1.11267
1.09524
1.07147
1.04423
1.01751
0.995801
0.982939
0.980851
0.989016
1.0048
1.02463
1.04524
1.06433
1.08063
1.09356
1.10286
1.10837
1.11002
1.10776
1.1017
1.09227
1.08042
1.06792
1.05723
1.05107
1.05149
1.05895
1.07211
1.08834
1.10444
1.11739
1.12485
1.12561
1.11976
1.10861
1.09436
1.07948
1.066
1.05462
1.04434
1.03307
1.01898
1.00158
0.981938
0.96255
0.946754
0.937873
0.938129
0.947924
0.965785
0.988904
1.01406
1.03837
1.05962
1.07632
1.08745
1.09245
1.09132
1.08483
1.07451
1.0623
1.05003
1.03896
1.02984
1.0235
1.02095
1.02303
1.02972
1.03992
1.05182
1.06365
1.07419
1.08279
1.08914
1.09324
1.09572
1.09789
1.10145
1.10793
1.11794
1.13077
1.14449
1.15662
1.16504
1.16875
1.16819
1.16502
1.16113
1.15752
1.15406
1.15004
1.14492
1.1386
1.13125
1.12321
1.11489
1.10677
1.09936
1.09321
1.08896
1.08723
1.08849
1.09279
1.09964
1.10786
1.11582
1.12168
1.12388
1.12149
1.1145
1.10379
1.09071
