0.0568198
0.0568192
0.0568181
0.0568166
0.0568147
0.0568124
0.0568096
0.0568065
0.0568029
0.0567989
0.0567945
0.0567897
0.0567841
0.0567777
0.0567709
0.0567636
0.0567544
0.0567457
0.0567356
0.0567245
0.0567139
0.056702
0.0566907
0.0566776
0.0566631
0.0566489
0.0566338
0.0566186
0.0566028
0.0565875
0.0565706
0.0565533
0.0565367
0.0565182
0.0564994
0.0564799
0.0564604
0.0564406
0.0564202
0.0563987
0.0563779
0.0563558
0.0563326
0.0563068
0.0562826
0.0562573
0.0562307
0.0562034
0.0561749
0.0561464
0.0561169
0.0560854
0.0560537
0.05602
0.0559845
0.0559484
0.0559111
0.055873
0.0558327
0.0557911
0.0557483
0.0557047
0.0556592
0.0556118
0.0555623
0.0555116
0.0554592
0.0554052
0.0553482
0.0552906
0.0552298
0.0551665
0.055102
0.0550332
0.0549618
0.0548884
0.0548128
0.0547346
0.054654
0.0545702
0.054483
0.0543925
0.0542985
0.0542025
0.0541027
0.0540016
0.0538974
0.0537905
0.0536824
0.0535734
0.053464
0.0533559
0.0532505
0.0531496
0.0530552
0.0529714
0.0529021
0.0528524
0.0528283
0.0528396
0.0528974
0.053015
0.0532084
0.0534986
0.053913
0.0544786
0.0552303
0.0562023
0.0574258
0.0589192
0.060685
0.0626824
0.0648249
0.0669717
0.0689407
0.0705432
0.0716326
0.0721455
0.0721149
0.0716581
0.0709478
0.0701706
0.069501
0.0690671
0.0689323
0.0690748
0.0693857
0.0696886
0.0697871
0.069527
0.068862
0.0678723
0.0667351
0.0656633
0.0648457
0.0644138
0.0644301
0.064895
0.0657582
0.0669331
0.0683159
0.0698051
0.0713142
0.0727886
0.0742018
0.0755519
0.0768473
0.0780965
0.0793106
0.0804999
0.0816655
0.0827757
0.083751
0.0844698
0.0847967
0.0846302
0.0839404
0.0827728
0.0812389
0.0794825
0.0776545
0.0758975
0.0743309
0.0730445
0.0720921
0.0714921
0.0712239
0.0712348
0.0714488
0.0717716
0.0721006
0.0723395
0.0724049
0.0722451
0.071839
0.0712014
0.0703736
0.069418
0.0684011
0.067388
0.0664314
0.0655665
0.0648102
0.0641585
0.0635958
0.0630967
0.0626376
0.0622013
0.0617813
0.0613789
0.0609988
0.060645
0.0603149
0.0599996
0.0596919
0.0593815
0.0590675
0.058752
0.0584447
0.0581549
0.0578902
0.0576518
0.057438
0.0572405
0.0570452
0.0568384
0.0566104
0.0563553
0.0560722
0.0557678
0.0554552
0.0551538
0.0548836
0.0546686
0.0545325
0.054497
0.054584
0.0548096
0.0551868
0.0557237
0.0564172
0.0572559
0.058215
0.0592577
0.0603392
0.0614103
0.0624335
0.0633863
0.0642737
0.0651253
0.0659893
0.0669172
0.067948
0.0690921
0.0703204
0.0715523
0.0726563
0.0734649
0.0738109
0.0735767
0.0727381
0.0713844
0.0696991
0.0679104
0.0662504
0.0649167
0.0640638
0.063801
0.0641797
0.0651659
0.0666068
0.0682007
0.0695312
0.0701949
0.069975
0.0689423
0.0674008
0.0657423
0.0643172
0.0633826
0.0631013
0.0635598
0.0647843
0.0667382
0.0693105
0.0722959
0.0753852
0.0781789
0.0802518
0.0812509
0.0809998
0.0795591
0.0771943
0.0742904
0.0712363
0.0683421
0.0658002
0.0636997
0.0620388
0.0607693
0.0598131
0.0590884
0.0585185
0.0580411
0.0576128
0.0572062
0.0568131
0.05643
0.0560613
0.0557143
0.0553949
0.0551055
0.0548488
0.0546274
0.0544421
0.0542959
0.0541965
0.0541515
0.0541772
0.0542935
0.0545292
0.0549176
0.0555012
0.0563255
0.0574338
0.0588544
0.0605812
0.0625508
0.0646185
0.0665632
0.0681316
0.0691223
0.0694722
0.0692709
0.0687172
0.0680224
0.0673519
0.0667962
0.0663836
0.0660985
0.0659005
0.065738
0.0655647
0.0653459
0.0650656
0.064722
0.0643325
0.0639239
0.0635246
0.0631581
0.0628366
0.0625534
0.0622902
0.0620152
0.0616967
0.0613151
0.0608644
0.0603576
0.059822
0.0592958
0.0588124
0.058396
0.0580634
0.0578119
0.0576322
0.0575018
0.0573988
0.0572975
0.0571806
0.0570377
0.0568658
0.0566701
0.0564594
0.056246
0.0560392
0.0558489
0.055679
0.0555311
0.0554067
0.0553051
0.055229
0.0551862
0.0551869
0.0552503
0.0553972
0.0556541
0.056054
0.0566324
0.0574288
0.0584792
0.0598162
0.0614599
0.063407
0.0656118
0.0679668
0.0702949
0.0723494
0.0738532
0.0745634
0.0743433
0.0732096
0.0713343
0.0689812
0.0664329
0.0639329
0.0616578
0.0597139
0.0581541
0.0570037
0.0562638
0.0559324
0.0560012
0.0564573
0.0572764
0.0584095
0.0597735
0.061247
0.0626844
0.063944
0.0649229
0.0571808
0.0574342
0.057438
0.0572601
0.0569421
0.0565071
0.0559596
0.0553085
0.0545714
0.0537764
0.0529601
0.0521527
0.0513785
0.0506504
0.049971
0.0493371
0.0487437
0.0481821
0.0476491
0.0471388
0.0466522
0.0461907
0.0457533
0.0453435
0.0449607
0.0446064
0.0442807
0.0439823
0.043709
0.0434617
0.0432361
0.0430301
0.0428434
0.0426762
0.042525
0.042393
0.0422795
0.0421879
0.0421206
0.0420807
0.0420726
0.0421022
0.0421734
0.0422928
0.0424634
0.0426927
0.0429826
0.0433358
0.0437518
0.0442241
0.0447435
0.0452949
0.0458568
0.046405
0.0469142
0.0473624
0.0477338
0.0480264
0.0482486
0.0484197
0.0485668
0.0487139
0.0488839
0.0490901
0.0493333
0.0496045
0.0498819
0.0501349
0.0503283
0.0504299
0.0504117
0.0502581
0.0499697
0.0495619
0.0490624
0.0485135
0.0479596
0.0474425
0.0469994
0.0466603
0.0464396
0.0463445
0.0463705
0.0465036
0.0467292
0.0470296
0.0473925
0.0478115
0.0482879
0.04883
0.0494472
0.0501405
0.0508979
0.051691
0.0524758
0.0531957
0.0537952
0.0542291
0.0544743
0.0545304
0.0544241
0.054193
0.0538855
0.0535525
0.0532454
0.0530123
0.0528931
0.0529122
0.0530696
0.0533399
0.0536733
0.0540025
0.0542581
0.0543842
0.054348
0.0541424
0.0537806
0.0532902
0.0527069
0.0520697
0.0514209
0.0508033
0.0502573
0.0498204
0.0495196
0.0493691
0.0493666
0.0494935
0.0497098
0.0499641
0.0501932
0.050331
0.0503137
0.0500967
0.0496531
0.0489936
0.0481579
0.0472158
0.0462497
0.0453449
0.0445758
0.044001
0.0436604
0.0435764
0.0437608
0.0442127
0.0449157
0.0458424
0.046947
0.0481694
0.0494402
0.0506947
0.0518776
0.0529546
0.0539154
0.0547612
0.0555001
0.0561356
0.0566746
0.0571287
0.0575246
0.0579038
0.0583154
0.058808
0.0594108
0.060119
0.0608971
0.0616759
0.062371
0.0628987
0.0631987
0.0632476
0.0630681
0.0627215
0.0622961
0.0618847
0.0615675
0.0613962
0.0613861
0.0615129
0.0617208
0.0619235
0.0620322
0.0619659
0.0616812
0.0611819
0.0605223
0.0597777
0.0590296
0.0583386
0.0577297
0.0571919
0.0566956
0.0561973
0.0556655
0.0550883
0.0544789
0.0538695
0.0533035
0.0528214
0.0524581
0.0522375
0.0521759
0.0522787
0.0525471
0.0529724
0.0535337
0.0541985
0.0549106
0.055596
0.056164
0.0565199
0.0565815
0.0563027
0.055686
0.0547759
0.0536562
0.0524206
0.0511576
0.0499357
0.0487995
0.0477733
0.0468642
0.0460683
0.0453779
0.0447831
0.0442742
0.0438465
0.0435007
0.0432402
0.0430734
0.043014
0.0430765
0.0432733
0.0436157
0.0441125
0.0447642
0.0455664
0.046505
0.0475604
0.0487106
0.0499343
0.0512181
0.0525442
0.0538853
0.0551807
0.0563139
0.0571189
0.0574264
0.0571403
0.0563114
0.0551395
0.0539109
0.0529098
0.0523553
0.0523763
0.0530015
0.0541577
0.0556575
0.0572015
0.0584453
0.0591155
0.0591338
0.0586467
0.0579447
0.0573339
0.0570456
0.0572131
0.0578793
0.059
0.060429
0.0619008
0.0630573
0.0635521
0.0632112
0.0621307
0.0606203
0.0590484
0.0577048
0.056747
0.0562148
0.0560695
0.0562331
0.0566203
0.0571533
0.0577832
0.058491
0.0592847
0.0601859
0.0612107
0.0623503
0.0635491
0.0647003
0.0656492
0.0662206
0.0662659
0.065711
0.0645801
0.062986
0.0610925
0.0590594
0.0570218
0.0550698
0.0532591
0.0516188
0.0501645
0.0489041
0.0478449
0.0469906
0.0463446
0.0459076
0.0456787
0.0456543
0.0458322
0.0462061
0.0467734
0.0475313
0.0484733
0.0495972
0.0508941
0.0523404
0.053891
0.0554828
0.057021
0.0583976
0.0595043
0.060251
0.0605861
0.0605063
0.0600593
0.0593286
0.0584177
0.0574335
0.0564685
0.0555925
0.0548513
0.0542638
0.0538263
0.0535217
0.0533208
0.0531929
0.0531111
0.0530584
0.0530279
0.0530262
0.0530681
0.0531719
0.0533524
0.0536189
0.053967
0.0543785
0.0548245
0.0552685
0.0556788
0.0560348
0.056332
0.0565876
0.0568402
0.0571366
0.0575253
0.0580448
0.0587119
0.0595163
0.0604172
0.0613433
0.0622004
0.0628826
0.0632908
0.0633563
0.0630603
0.0624405
0.0615874
0.0606252
0.0596912
0.0589133
0.0584012
0.058237
0.0584746
0.0591385
0.0602136
0.0616344
0.063276
0.0649569
0.0664569
0.0675585
0.0680982
0.0680112
0.0673431
0.066222
0.0648116
0.0632704
0.0617172
0.0602309
0.0588447
0.0575689
0.0563958
0.0553122
0.0543063
0.0533676
0.0524878
0.0506473
0.0498632
0.0491047
0.0483598
0.0476156
0.0468672
0.0461144
0.0453616
0.0446198
0.0439015
0.0432177
0.0425788
0.0419921
0.0414605
0.0409848
0.0405626
0.040189
0.0398591
0.0395665
0.0393093
0.0390776
0.0388711
0.0386836
0.0385151
0.0383629
0.0382274
0.03811
0.0380127
0.0379375
0.0378902
0.0378743
0.0378964
0.0379627
0.0380828
0.038265
0.0385215
0.0388609
0.0392938
0.0398273
0.0404635
0.0411933
0.0419952
0.0428338
0.043653
0.0443905
0.0449814
0.0453802
0.0455648
0.0455529
0.0453864
0.045127
0.0448351
0.0445613
0.0443412
0.0441971
0.0441396
0.044173
0.0442987
0.0445189
0.0448369
0.0452585
0.0457914
0.0464447
0.0472284
0.0481515
0.0492235
0.0504547
0.0518478
0.0534008
0.0550973
0.0569046
0.0587718
0.0606468
0.0624954
0.0643344
0.0662316
0.068275
0.0704853
0.0727105
0.074559
0.0754467
0.0748231
0.0724806
0.0687109
0.0641748
0.0595849
0.0554595
0.0520581
0.0494373
0.0475384
0.0462602
0.0454912
0.0451333
0.0451036
0.0453341
0.0457709
0.046374
0.0471164
0.0479779
0.048948
0.0500237
0.0512018
0.052474
0.0538228
0.0552208
0.0566186
0.0579548
0.059151
0.060132
0.0608295
0.0611968
0.0612212
0.0609212
0.0603401
0.0595388
0.0585836
0.0575325
0.0564342
0.055322
0.0542183
0.0531364
0.0520882
0.0510826
0.0501297
0.0492417
0.048432
0.0477129
0.047096
0.0465919
0.0462078
0.0459485
0.0458173
0.0458173
0.0459487
0.0462118
0.0466036
0.0471205
0.047756
0.0484969
0.0493232
0.0502092
0.0511224
0.0520257
0.0528804
0.0536539
0.0543193
0.0548602
0.0552656
0.0555355
0.0556714
0.0556849
0.055594
0.0554294
0.0552307
0.0550433
0.0549114
0.0548699
0.0549457
0.0551526
0.0554962
0.0559787
0.0566008
0.0573573
0.058234
0.0591959
0.0601773
0.0610826
0.0617959
0.0622065
0.0622412
0.0618878
0.0611949
0.0602558
0.0591788
0.0580512
0.056932
0.0558424
0.0547786
0.0537268
0.0526726
0.0516061
0.0505259
0.0494356
0.0483442
0.0472641
0.0462116
0.0452079
0.0442734
0.0434267
0.0426857
0.0420582
0.0415494
0.0411555
0.0408704
0.0406839
0.0405852
0.0405637
0.0406121
0.040727
0.0409097
0.0411666
0.0415099
0.0419551
0.0425168
0.0432122
0.0440516
0.0450367
0.046158
0.047378
0.0486441
0.0498741
0.0509712
0.0518327
0.0523674
0.0525184
0.0522719
0.0516618
0.0507593
0.0496565
0.0484513
0.0472285
0.0460509
0.0449603
0.0439774
0.043108
0.0423511
0.0416999
0.0411464
0.0406833
0.0403076
0.0400157
0.0398101
0.0396941
0.0396722
0.0397526
0.0399427
0.0402511
0.0406856
0.0412504
0.0419468
0.0427654
0.0436826
0.0446609
0.0456432
0.0465613
0.0473409
0.0479197
0.048262
0.0483665
0.0482646
0.0480141
0.047679
0.0473216
0.0469897
0.046719
0.0465303
0.0464361
0.0464384
0.046543
0.0467542
0.0470823
0.0475429
0.0481633
0.0489811
0.0500409
0.0513954
0.0530871
0.0551292
0.057482
0.0600215
0.0625305
0.0647261
0.0663426
0.0672163
0.067347
0.0668725
0.0660109
0.06498
0.0639655
0.0630963
0.0624447
0.0620348
0.0618525
0.0618589
0.062001
0.0622202
0.0624612
0.062671
0.0628038
0.0628198
0.062685
0.0623761
0.0618822
0.0612084
0.0603733
0.0594123
0.0583673
0.0572797
0.0561837
0.0551044
0.0540612
0.0530629
0.0521154
0.051226
0.050404
0.0496633
0.0490196
0.0484951
0.0481161
0.0479089
0.0479048
0.0481359
0.0486422
0.0494666
0.0506597
0.052266
0.0543151
0.0567825
0.0595479
0.0623519
0.0648243
0.0666008
0.0674977
0.0675968
0.0671474
0.0663866
0.0654314
0.0643025
0.063007
0.0616056
0.0602028
0.0589108
0.057806
0.0569095
0.0561925
0.0555866
0.054999
0.0543321
0.0535015
0.0524579
0.0511935
0.0497489
0.0481931
0.0466073
0.0450726
0.0436473
0.0423712
0.0412682
0.0403446
0.0395983
0.0390252
0.0386169
0.0383676
0.0382717
0.0383299
0.038539
0.0389016
0.0394176
0.0400812
0.0408787
0.0417803
0.0427394
0.0436888
0.0445453
0.0452218
0.0456469
0.0457833
0.0456336
0.0452443
0.0446891
0.0440533
0.0434194
0.0428509
0.0423972
0.0420888
0.0419383
0.0419494
0.0421102
0.0424058
0.0428105
0.0432948
0.0438287
0.0443831
0.0449338
0.0454609
0.0459564
0.0464183
0.0468532
0.047273
0.0476894
0.0481149
0.0485582
0.0490211
0.0494984
0.0499805
0.0504511
0.0508951
0.0513001
0.0516571
0.0519657
0.0493537
0.0495698
0.0497718
0.049978
0.0502026
0.050457
0.0507477
0.0510742
0.0514297
0.0518012
0.0521699
0.0525138
0.0528108
0.0530367
0.0531737
0.0532088
0.0531313
0.052941
0.0526391
0.0522319
0.0517223
0.0511157
0.0504187
0.049634
0.0487673
0.0478273
0.0468239
0.0457744
0.0446982
0.0436207
0.0425672
0.0415638
0.0406308
0.0397871
0.0390465
0.0384187
0.0379114
0.0375265
0.0372652
0.0371274
0.0371112
0.0372147
0.0374361
0.0377721
0.038218
0.038771
0.0394199
0.0401546
0.0409578
0.0418075
0.042672
0.043516
0.0443008
0.0449856
0.0455306
0.0459053
0.046088
0.0460724
0.0458664
0.045494
0.0449928
0.0444146
0.0438123
0.0432486
0.042782
0.0424703
0.0423669
0.04252
0.0429665
0.0437176
0.0447431
0.0459438
0.0471319
0.0480474
0.0484292
0.0481166
0.0471292
0.0456559
0.043963
0.0422948
0.0408155
0.0396043
0.0386815
0.0380291
0.0376146
0.0374015
0.0373597
0.0374626
0.0376911
0.0380311
0.0384736
0.0390109
0.0396396
0.040353
0.0411437
0.0419956
0.04289
0.0438005
0.0447004
0.0455733
0.0464132
0.0472337
0.0480715
0.0489812
0.0500298
0.0512761
0.0527594
0.0544703
0.0563486
0.0582615
0.0600198
0.0614072
0.0622374
0.0624071
0.0619281
0.0609192
0.0595588
0.0580258
0.0564577
0.0549354
0.0534932
0.0521336
0.0508488
0.0496322
0.048489
0.0474336
0.0464916
0.0456928
0.0450657
0.0446334
0.0444092
0.0443944
0.0445714
0.0449048
0.0453444
0.0458255
0.0462857
0.0466718
0.046953
0.0471207
0.0471841
0.0471627
0.0470783
0.0469466
0.046781
0.0465922
0.0463966
0.0462147
0.0460755
0.0460104
0.0460561
0.0462461
0.0466143
0.0471837
0.0479748
0.0490014
0.0502673
0.0517597
0.0534451
0.0552482
0.0570465
0.0586726
0.0599394
0.0606971
0.0608861
0.060564
0.0598816
0.0590213
0.0581489
0.0573789
0.05677
0.0563403
0.0560746
0.0559434
0.0559048
0.0559094
0.0559014
0.055823
0.0556212
0.05525
0.0546816
0.0539098
0.0529509
0.0518408
0.0506281
0.0493668
0.0481111
0.0469094
0.0457994
0.0448101
0.0439573
0.0432496
0.0426965
0.0423035
0.0420869
0.0420745
0.042304
0.0428227
0.0436781
0.0449023
0.0464998
0.0484285
0.0505853
0.0528164
0.0549345
0.056766
0.0581861
0.0591435
0.0596497
0.0597494
0.0594953
0.0589392
0.0581406
0.0571808
0.056165
0.0552021
0.0543829
0.0537478
0.0532893
0.0529491
0.0526392
0.0522666
0.0517485
0.0510311
0.0500995
0.048983
0.0477406
0.0464498
0.0451969
0.0440551
0.0430804
0.0423128
0.041777
0.0414894
0.0414576
0.0416829
0.0421588
0.042869
0.0437807
0.0448418
0.0459954
0.047178
0.0483375
0.0494265
0.0503901
0.0511393
0.0515498
0.0514891
0.0508781
0.0497563
0.0482758
0.0466518
0.0450913
0.0437421
0.0426861
0.0419476
0.0415147
0.041361
0.0414527
0.041764
0.0422803
0.0429976
0.0439314
0.045109
0.0465687
0.048351
0.0504837
0.052957
0.0556718
0.0583898
0.0607077
0.062138
0.062311
0.0611915
0.0591104
0.056582
0.0540703
0.0518712
0.0501208
0.0488437
0.0480133
0.0475772
0.0474809
0.0476651
0.0480709
0.0486346
0.0492873
0.0499598
0.0505862
0.051113
0.051505
0.051748
0.0518508
0.0518384
0.0517357
0.0515787
0.051398
0.0512218
0.0510784
0.0509894
0.0509696
0.0510275
0.0511605
0.0513599
0.0516107
0.0518937
0.0521933
0.0524959
0.0527954
0.0530855
0.0533652
0.0536335
0.0538864
0.0541163
0.0543059
0.0544344
0.0544742
0.0543996
0.0541971
0.0538684
0.0534375
0.0529429
0.0524306
0.0519423
0.0515085
0.0511467
0.0508471
0.0505885
0.0503396
0.0500693
0.0497539
0.0493812
0.0489526
0.0484775
0.0479749
0.0474647
0.0469674
0.0465035
0.0460916
0.0457556
0.0455167
0.0454021
0.0454427
0.0456707
0.0461268
0.0468551
0.0479069
0.049336
0.0511937
0.0535096
0.0562545
0.0592829
0.0622894
0.0648134
0.066369
0.0666602
0.0657335
0.0639162
0.061627
0.0591952
0.0568119
0.0545558
0.0524475
0.0504893
0.0486872
0.0470526
0.0456015
0.0443464
0.0433002
0.0424651
0.0418324
0.0413869
0.0411092
0.0409776
0.0409741
0.0410855
0.0413015
0.041615
0.0420181
0.0424961
0.0430338
0.0436147
0.044235
0.0448989
0.0456158
0.0463874
0.0471847
0.0479404
0.0485466
0.0488805
0.0488328
0.0483496
0.0474549
0.0462458
0.0448717
0.0434925
0.0422455
0.0412256
0.0404807
0.0400216
0.0395012
0.0396032
0.0399352
0.0404829
0.0412444
0.042233
0.0434756
0.0450034
0.0468433
0.0490047
0.051446
0.0540639
0.0566828
0.0590728
0.0610107
0.0623532
0.0630952
0.0633704
0.0633851
0.0633359
0.0633364
0.0633929
0.063433
0.0633564
0.063089
0.0626246
0.0620149
0.0613483
0.0607065
0.0601255
0.05958
0.0589914
0.0582585
0.0572905
0.0560357
0.0545021
0.052757
0.0508991
0.0490393
0.0472756
0.0456833
0.0443132
0.0431896
0.0423242
0.0417137
0.041351
0.0412202
0.0413031
0.0415762
0.042014
0.0425827
0.0432464
0.0439698
0.0447201
0.0454738
0.0462161
0.0469456
0.0476708
0.0484036
0.0491584
0.0499434
0.0507521
0.0515587
0.0523148
0.0529446
0.0533517
0.0534489
0.0531785
0.0525383
0.0515779
0.0503881
0.0490647
0.0476933
0.0463372
0.0450357
0.0438114
0.0426752
0.041634
0.0406923
0.0398511
0.0391133
0.0384792
0.0379507
0.0375294
0.0372188
0.0370209
0.0369408
0.0369836
0.0371554
0.0374624
0.0379099
0.0385002
0.0392291
0.0400833
0.0410367
0.0420489
0.0430625
0.0440102
0.0448231
0.0454418
0.0458278
0.0459764
0.0459139
0.0456948
0.045388
0.045073
0.0448232
0.0447078
0.0447834
0.0450954
0.0456782
0.0465568
0.0477454
0.049242
0.0510243
0.0530435
0.055213
0.0574098
0.0594797
0.0612635
0.0626221
0.0634579
0.0637256
0.0634319
0.0626249
0.0613888
0.059837
0.0581034
0.0563166
0.0545906
0.0530116
0.0516345
0.0504821
0.04955
0.0488049
0.0481979
0.0476707
0.0471743
0.0466778
0.0461772
0.0456935
0.0452601
0.044915
0.044692
0.0446096
0.0446745
0.044888
0.0452432
0.045732
0.0463475
0.0470871
0.0479557
0.0489676
0.0501497
0.0515371
0.0531822
0.0551403
0.0574579
0.0601479
0.0631601
0.0663556
0.069511
0.0723616
0.0746667
0.0762678
0.0771021
0.0772039
0.076686
0.0757474
0.0746471
0.0736578
0.0729994
0.0727784
0.0729694
0.0734348
0.0739738
0.0743713
0.0744459
0.0740777
0.0732204
0.0719021
0.0702157
0.0682865
0.0662469
0.0642094
0.062252
0.0604212
0.0587345
0.0571923
0.0557829
0.0544862
0.0532779
0.0521299
0.0510157
0.0499135
0.0488099
0.0476997
0.0465922
0.0455065
0.0444678
0.0435067
0.0426589
0.0419592
0.0414425
0.0411414
0.0410834
0.0412914
0.0417758
0.0425291
0.0435248
0.0447061
0.0459944
0.0472946
0.0485143
0.0495851
0.0504746
0.0511872
0.0517602
0.0522445
0.0526913
0.0531406
0.0536036
0.054057
0.0544388
0.0546594
0.0546317
0.0542964
0.0536474
0.0527357
0.0516549
0.0505177
0.0494231
0.0484508
0.0476471
0.0470207
0.0465489
0.0461764
0.0458331
0.0454427
0.044943
0.0443091
0.0435533
0.042728
0.0419054
0.0411596
0.04056
0.0401565
0.0399834
0.0400642
0.0404114
0.0410268
0.0419032
0.043015
0.044317
0.0457415
0.0472077
0.0486399
0.0499885
0.0512425
0.0524182
0.0535345
0.0545822
0.0555172
0.0562717
0.056785
0.0570214
0.0569846
0.0567041
0.0562216
0.0555889
0.0548618
0.0540992
0.0533583
0.052697
0.0521629
0.0517944
0.0516178
0.0516402
0.0518478
0.0521953
0.0526011
0.0529572
0.0531375
0.0530409
0.0526249
0.0519243
0.0510395
0.0501037
0.0492414
0.0485426
0.0480467
0.0477521
0.0476189
0.0475846
0.0475766
0.0475281
0.0473929
0.0471538
0.0468218
0.0464316
0.0460315
0.0456765
0.0454224
0.0453215
0.0454288
0.0457978
0.04648
0.0475176
0.0489096
0.0505779
0.0523345
0.0538713
0.0548423
0.0550114
0.0543861
0.0532155
0.0518603
0.0506393
0.0497508
0.0492731
0.0492009
0.0494814
0.0500418
0.0507978
0.0516649
0.0525594
0.0534069
0.0541452
0.0547295
0.0551365
0.0553599
0.0554086
0.0553047
0.0550817
0.0547873
0.0544806
0.0542252
0.0540797
0.0540907
0.0542778
0.0546307
0.0551142
0.055679
0.0562839
0.0569096
0.0575595
0.0582333
0.0588961
0.0594491
0.0597436
0.0596294
0.0590228
0.0579549
0.0565585
0.0550157
0.0535005
0.0521324
0.0509812
0.0500711
0.0493971
0.048941
0.0486797
0.0485925
0.0486665
0.0488954
0.0492806
0.0498313
0.0505596
0.0514717
0.0525584
0.0537712
0.0550117
0.0561246
0.0569206
0.0572282
0.0569678
0.0561863
0.0550404
0.0537323
0.0524474
0.0513155
0.0504015
0.0497227
0.0492673
0.0490074
0.048913
0.0489576
0.0491194
0.0493852
0.049745
0.0501949
0.0507272
0.0513313
0.0519869
0.0526638
0.0533199
0.0539032
0.0543625
0.054653
0.0547549
0.0555456
0.0553414
0.0550921
0.0548891
0.0548193
0.0549416
0.0552615
0.0557189
0.0561742
0.0564389
0.0563291
0.0557372
0.0546803
0.0532874
0.0517419
0.0502173
0.0488348
0.0476577
0.0467038
0.0459601
0.045397
0.0449761
0.0446635
0.044424
0.0442291
0.0440596
0.0439054
0.043761
0.0436328
0.0435291
0.0434603
0.043438
0.0434729
0.0435719
0.0437393
0.0439741
0.0442728
0.0446244
0.0450166
0.0454279
0.0458336
0.0462031
0.0465064
0.0467152
0.046809
0.0467812
0.0466356
0.0463943
0.0460866
0.0457503
0.0454189
0.0451238
0.0448851
0.0447197
0.0446289
0.0446105
0.0446537
0.0447422
0.0448589
0.0449845
0.0451049
0.0452126
0.045306
0.0453959
0.0454998
0.0456463
0.0458663
0.0461978
0.046678
0.0473476
0.0482481
0.0494205
0.0509079
0.0527535
0.0549898
0.0576358
0.0606745
0.0640244
0.0675187
0.070889
0.0737823
0.0758279
0.0767336
0.0763705
0.074799
0.0722424
0.0690198
0.0654734
0.0619113
0.0585743
0.0556165
0.0531098
0.0510603
0.0494245
0.0481386
0.047132
0.0463406
0.0457259
0.0452696
0.0449688
0.0448351
0.0448805
0.0451102
0.0455157
0.0460723
0.0467396
0.0474663
0.0482039
0.0489087
0.049551
0.0501157
0.0505939
0.050976
0.0512456
0.0513801
0.0513637
0.051196
0.0509018
0.0505362
0.0501712
0.0498811
0.0497365
0.0497828
0.0500396
0.0504961
0.0511088
0.0518131
0.0525261
0.0531649
0.0536584
0.0539602
0.0540471
0.053922
0.0536053
0.0531287
0.0525307
0.051853
0.0511414
0.0504418
0.0498004
0.0492629
0.0488695
0.0486593
0.048667
0.0489219
0.0494432
0.0502388
0.0512877
0.0525332
0.0538634
0.0551046
0.0560482
0.0565026
0.0563659
0.0556759
0.0545876
0.0533093
0.0520368
0.0509113
0.050014
0.0493773
0.0490063
0.0488882
0.0490001
0.0493112
0.0497822
0.0503659
0.0510074
0.0516539
0.0522695
0.0528411
0.0533851
0.0539375
0.0545378
0.0552029
0.0559156
0.0566153
0.057212
0.0576137
0.0577647
0.0576666
0.0573923
0.0570621
0.0568063
0.0567259
0.0568556
0.0571445
0.057463
0.0576412
0.0575381
0.0571002
0.0563811
0.05551
0.0546301
0.0538554
0.0532468
0.0528281
0.0525959
0.0525312
0.0526099
0.0527996
0.0530606
0.0533442
0.0536071
0.053811
0.0539358
0.0539796
0.0539585
0.0539029
0.053844
0.0538118
0.0538157
0.0538474
0.0538818
0.0538842
0.053821
0.0536789
0.0534669
0.0532146
0.0529625
0.0527415
0.0525588
0.0523953
0.0522133
0.051971
0.0516424
0.051228
0.0507569
0.0502799
0.049853
0.0495317
0.0493602
0.0493713
0.0495882
0.0500241
0.0506787
0.0515387
0.0525731
0.0537314
0.0549479
0.0561455
0.057239
0.0581409
0.0587687
0.0590595
0.0589863
0.0585781
0.0579165
0.0571248
0.0563364
0.055664
0.0551787
0.0549049
0.0548228
0.0548806
0.0550069
0.055128
0.0551773
0.0551039
0.0548812
0.0545099
0.0540106
0.0534207
0.0527863
0.0521508
0.0515467
0.050997
0.0505089
0.050083
0.0497081
0.0493753
0.0490698
0.0487798
0.0484983
0.0482295
0.047986
0.0477936
0.0476803
0.047669
0.0477592
0.0479211
0.0480988
0.0482164
0.048207
0.0480306
0.0476915
0.0472334
0.0467209
0.0462198
0.0457777
0.0454197
0.0451455
0.0449385
0.0447675
0.0446002
0.0444074
0.0441643
0.043863
0.043505
0.0431072
0.0426972
0.0423136
0.0420011
0.0418064
0.0417733
0.0419406
0.0423377
0.0429764
0.0438568
0.0449685
0.0462923
0.0478104
0.0495086
0.0513741
0.0533762
0.0554531
0.0574924
0.0593519
0.0608996
0.0620663
0.0628746
0.0634202
0.063817
0.0641459
0.0644265
0.064633
0.0647174
0.0646408
0.0643922
0.0639982
0.0635072
0.0629721
0.0624401
0.0619425
0.0615002
0.0611302
0.0608546
0.0606937
0.060665
0.0607645
0.060959
0.061179
0.0613304
0.0613172
0.0610715
0.0605714
0.059848
0.0589736
0.0580354
0.0571148
0.0562695
0.0555212
0.0548602
0.0542501
0.0536495
0.053022
0.0523524
0.0516477
0.0509421
0.0502832
0.0497279
0.049335
0.0491542
0.0492159
0.0495303
0.0500666
0.0507635
0.051527
0.0522514
0.0528634
0.0533468
0.0537552
0.0541719
0.0546517
0.0551662
0.055593
0.0557611
0.0555459
0.0549406
0.0540643
0.0530981
0.052202
0.0514641
0.050901
0.0504782
0.0501408
0.0498443
0.0495669
0.0493155
0.0491163
0.0490019
0.0489898
0.0490698
0.0491927
0.0492761
0.0492261
0.0489712
0.0484897
0.0478272
0.0470747
0.0474024
0.0468282
0.0464706
0.0463659
0.0465166
0.0468904
0.0474255
0.0480285
0.0485789
0.0489438
0.0490056
0.0486982
0.0480273
0.0470773
0.0459806
0.0448902
0.0439421
0.0432508
0.0429043
0.0429698
0.0434989
0.0445201
0.0460231
0.0479337
0.0500826
0.0522121
0.0540347
0.0553358
0.0560539
0.0562738
0.0561296
0.0557254
0.0551151
0.0543512
0.0535215
0.052757
0.0521958
0.0519452
0.0520601
0.052544
0.0533577
0.0544344
0.0556865
0.0570214
0.058337
0.0595389
0.0605355
0.0612457
0.0616044
0.0615783
0.0611654
0.0603978
0.0593383
0.0580718
0.0566945
0.055302
0.0539839
0.0528151
0.0518509
0.051124
0.0506452
0.0504025
0.0503676
0.0504983
0.0507491
0.0510733
0.0514312
0.0517933
0.0521353
0.0524357
0.0526709
0.052818
0.052859
0.0527894
0.0526221
0.0523825
0.0521037
0.0518091
0.0515138
0.0512186
0.0509145
0.0505921
0.0502425
0.0498677
0.0494785
0.049094
0.0487421
0.0484486
0.0482386
0.0481303
0.0481364
0.0482628
0.0485084
0.0488685
0.0493349
0.0498965
0.0505368
0.0512399
0.0519844
0.0527438
0.0534836
0.054164
0.0547416
0.0551711
0.0554085
0.0554192
0.0551822
0.0546954
0.0539743
0.0530505
0.0519681
0.0507785
0.0495316
0.0482716
0.0470343
0.0458464
0.0447256
0.0436818
0.0427217
0.0418468
0.0410552
0.0403452
0.0397133
0.039155
0.0386671
0.0382443
0.0378822
0.0375771
0.0373247
0.037119
0.0369586
0.0368392
0.0367584
0.0367122
0.036697
0.036714
0.0367619
0.0368402
0.0369523
0.037099
0.0372898
0.0375295
0.0378254
0.0381871
0.0386243
0.0391461
0.0397579
0.0404617
0.041252
0.0421159
0.0430295
0.0439618
0.044877
0.0457442
0.0465421
0.0472654
0.0479289
0.0485618
0.0491978
0.0498711
0.0506063
0.051422
0.0523307
0.053346
0.0544851
0.0557753
0.0572396
0.0588854
0.0606837
0.0625514
0.0643594
0.0659619
0.0672406
0.0681519
0.0687361
0.0690921
0.0693237
0.0694904
0.0695716
0.0694748
0.0690786
0.0683059
0.0671767
0.0658124
0.0643877
0.0630672
0.0619526
0.0610778
0.0604116
0.0598871
0.059426
0.0589612
0.0584482
0.0578821
0.0572851
0.0567024
0.0561717
0.0556963
0.0552401
0.054728
0.0540745
0.0532194
0.0521536
0.0509252
0.0496198
0.0483319
0.0471372
0.0460888
0.0452082
0.0444986
0.0439491
0.0435423
0.0432591
0.0430809
0.0429924
0.0429802
0.0430321
0.0431369
0.0432862
0.0434701
0.0436768
0.043894
0.0441056
0.044295
0.0444456
0.0445391
0.0445644
0.0445136
0.0443892
0.0441995
0.0439606
0.0436936
0.0434202
0.0431659
0.0429526
0.0428035
0.0427448
0.042804
0.0430191
0.0434416
0.0441397
0.0452066
0.0467545
0.0489028
0.0517203
0.0551285
0.05876
0.0619144
0.0637935
0.0639996
0.0628617
0.061202
0.0598201
0.0591836
0.0593997
0.0602959
0.0614989
0.0625294
0.0629618
0.0626153
0.0616181
0.0602968
0.0589723
0.0578286
0.0569026
0.0561275
0.0554023
0.0546397
0.0537891
0.0528486
0.0518495
0.0508449
0.0498957
0.0490511
0.0483433
0.0477894
0.047385
0.0471104
0.0469359
0.0468287
0.0467602
0.046714
0.0466896
0.0467046
0.0467925
0.0469965
0.047359
0.0479185
0.0486993
0.0497086
0.0509283
0.0523144
0.0537952
0.0552756
0.0566484
0.0578083
0.0586682
0.0591829
0.0593443
0.0591857
0.0587598
0.0581343
0.0573772
0.056553
0.0557214
0.0549395
0.0542599
0.0537279
0.0533731
0.0532147
0.0532541
0.0534757
0.0538567
0.0543665
0.054976
0.0556591
0.0563978
0.0571808
0.0579946
0.0588296
0.059664
0.0604672
0.0611984
0.0618149
0.0622766
0.0625597
0.06266
0.0625897
0.0623773
0.0620538
0.061643
0.0611623
0.0606193
0.0600152
0.0593507
0.0586296
0.0578599
0.0570593
0.0562494
0.055458
0.0547146
0.0540459
0.0534799
0.0530363
0.0527329
0.052582
0.0525961
0.0527816
0.0531493
0.0537057
0.054458
0.0554054
0.0565347
0.0577933
0.0590761
0.0602147
0.060997
0.0612301
0.0608179
0.0598116
0.0583909
0.0567856
0.0552028
0.0537716
0.0525457
0.0515152
0.0506384
0.0498597
0.0491225
0.0483853
0.0476239
0.046829
0.0460003
0.0451479
0.0442802
0.0434084
0.0425481
0.0417147
0.0409237
0.0401963
0.0395468
0.0389939
0.0385511
0.0382314
0.0380472
0.0380087
0.0381283
0.0384207
0.0388977
0.039581
0.0404849
0.0416216
0.0429965
0.0445924
0.0463699
0.0482528
0.050142
0.0519247
0.053508
0.0548386
0.0568535
0.0576946
0.0583463
0.0588166
0.0590916
0.0591609
0.059036
0.0587636
0.0584183
0.0580744
0.0577826
0.0575534
0.0573581
0.0571455
0.0568541
0.0564396
0.0558768
0.0551633
0.054319
0.0533783
0.052384
0.0513859
0.0504298
0.0495548
0.0487892
0.0481481
0.0476325
0.0472394
0.0469583
0.0467775
0.046684
0.0466662
0.046714
0.0468151
0.0469555
0.0471192
0.0472863
0.0474367
0.0475523
0.0476244
0.0476535
0.0476581
0.0476738
0.0477448
0.0479223
0.0482533
0.0487676
0.0494639
0.0503004
0.0511841
0.0519894
0.0525831
0.0528643
0.0527936
0.0523961
0.0517408
0.0509103
0.0499761
0.0489947
0.048009
0.0470503
0.0461445
0.0453091
0.0445576
0.0438965
0.0433347
0.0428806
0.0425469
0.0423511
0.0423135
0.0424615
0.0428221
0.0434222
0.0442809
0.0454015
0.0467648
0.0483201
0.0499849
0.0516595
0.0532503
0.0546924
0.0559732
0.0571263
0.0582034
0.059243
0.0602513
0.0611894
0.0619819
0.0625331
0.0627429
0.0625259
0.0618361
0.0606778
0.0591118
0.0572416
0.0551934
0.0530948
0.0510556
0.0491577
0.0474543
0.0459752
0.0447323
0.04372
0.042925
0.0423263
0.041901
0.0416233
0.0414672
0.0414073
0.0414215
0.0414878
0.0415937
0.0417294
0.0418889
0.0420737
0.0422843
0.042527
0.0428079
0.0431329
0.0435083
0.0439385
0.0444303
0.0449922
0.0456313
0.046363
0.0472039
0.0481734
0.0492937
0.0505878
0.0520765
0.0537824
0.055724
0.0579342
0.0604591
0.0633583
0.0666728
0.0703701
0.0742691
0.0779967
0.0810624
0.0830413
0.0837724
0.0833833
0.0821553
0.0803631
0.0782187
0.0758864
0.0735142
0.0712413
0.069189
0.0674623
0.0661549
0.0653847
0.0653172
0.0661693
0.0681522
0.0713039
0.0751838
0.0786556
0.0802627
0.0792965
0.0764405
0.0730931
0.0703255
0.0685459
0.0677132
0.0675762
0.0677588
0.0677947
0.0672199
0.0657779
0.0635777
0.0610452
0.058697
0.0569417
0.0559994
0.0559106
0.0565644
0.0576891
0.0588672
0.0596057
0.0595211
0.0585098
0.0567832
0.0547168
0.0526599
0.0508262
0.0492956
0.0480595
0.0470738
0.0462806
0.0456364
0.0451067
0.0446712
0.0443192
0.0440522
0.0438751
0.0437988
0.0438348
0.0439979
0.0443043
0.0447683
0.0454067
0.0462328
0.0472532
0.0484722
0.0498802
0.0514543
0.0531538
0.0549169
0.0566617
0.0582949
0.0597183
0.0608409
0.0615999
0.061971
0.0619807
0.0616987
0.0612272
0.060676
0.0601417
0.0596999
0.0593967
0.0592593
0.0593036
0.059544
0.0599973
0.0606785
0.0615918
0.0627111
0.0639503
0.0651524
0.0660928
0.0665274
0.0662809
0.0653139
0.0637406
0.0617705
0.0596344
0.0575299
0.0555986
0.0539362
0.0525998
0.0516263
0.0510346
0.0508356
0.0510207
0.0515696
0.0524371
0.0535487
0.0547976
0.0560431
0.0571239
0.0578878
0.058216
0.0580649
0.0574742
0.0565485
0.0554342
0.0542752
0.0531881
0.05225
0.0515036
0.050958
0.0506063
0.0504303
0.0504034
0.0505016
0.050699
0.050972
0.0512966
0.0516494
0.0520063
0.0523476
0.0526548
0.0529161
0.053125
0.0532789
0.0533804
0.053432
0.0534362
0.0533931
0.053301
0.0531611
0.0529759
0.0527582
0.0525275
0.052314
0.0521513
0.0520745
0.0521159
0.0522954
0.0526194
0.0530718
0.0536165
0.0541953
0.0547398
0.0551784
0.0554525
0.0555305
0.0554137
0.055134
0.0547431
0.0543008
0.0538521
0.0534287
0.0530371
0.052669
0.0523062
0.0519258
0.0515118
0.0510533
0.050549
0.0500096
0.0494499
0.0488997
0.0483949
0.0479821
0.0477131
0.0476425
0.0478186
0.0482645
0.0489616
0.0498189
0.0506639
0.0512628
0.0513935
0.0509369
0.0499413
0.0485943
0.0471457
0.0458115
0.0447371
0.0439945
0.0436028
0.0435475
0.0438024
0.0443317
0.0450924
0.0460305
0.0470758
0.0481448
0.0491489
0.0500017
0.0506482
0.051076
0.0513236
0.0514712
0.0516236
0.0518932
0.0523784
0.0531592
0.0542748
0.0557063
0.0573448
0.0589846
0.0603443
0.0611524
0.0612677
0.060746
0.0598069
0.0587224
0.0577174
0.0569212
0.0563804
0.0560855
0.0560035
0.0560938
0.056322
0.0566558
0.0570676
0.0575303
0.0580184
0.0585081
0.05899
0.0594782
0.0600194
0.0606906
0.0615794
0.0627462
0.0641738
0.0657201
0.0670983
0.0679435
0.0679622
0.0670939
0.0655538
0.0637207
0.0619759
0.0605923
0.0597069
0.0593367
0.059397
0.0597075
0.0600192
0.0600561
0.0595977
0.0585595
0.0570066
0.0551132
0.052386
0.0503703
0.0484778
0.04675
0.0451943
0.0438031
0.0425632
0.0414635
0.0404952
0.0396523
0.0389294
0.038324
0.0378325
0.0374525
0.0371817
0.0370191
0.0369634
0.0370162
0.0371788
0.0374556
0.0378503
0.0383656
0.0390036
0.0397594
0.0406247
0.0415778
0.0425917
0.0436293
0.044648
0.0456104
0.0464896
0.0472786
0.0479904
0.0486543
0.0493043
0.0499686
0.0506568
0.0513578
0.0520408
0.0526759
0.0532452
0.0537624
0.0542657
0.0548162
0.055474
0.0562807
0.0572458
0.0583427
0.0595096
0.0606509
0.0616541
0.0624034
0.0627981
0.0627735
0.0623134
0.0614495
0.0602536
0.0588165
0.0572325
0.0555809
0.0539244
0.0523068
0.0507603
0.0493044
0.0479551
0.0467254
0.0456287
0.0446756
0.0438765
0.043244
0.0427878
0.0425181
0.0424447
0.0425804
0.0429319
0.0435052
0.0442967
0.045284
0.0464225
0.0476283
0.0487842
0.0497431
0.0503619
0.050536
0.0502418
0.0495476
0.0485824
0.0475039
0.0464555
0.0455423
0.0448254
0.0443321
0.044066
0.0440129
0.0441495
0.0444493
0.0448824
0.0454216
0.0460383
0.0467028
0.0473937
0.0480829
0.0487466
0.049362
0.0499072
0.0503651
0.0507214
0.0509697
0.0511072
0.0511421
0.0510897
0.0509679
0.0507992
0.0506024
0.0503934
0.0501795
0.0499575
0.0497195
0.0494514
0.0491404
0.0487771
0.0483588
0.0478942
0.0473992
0.0468958
0.0464081
0.045958
0.0455606
0.0452296
0.0449693
0.044785
0.0446805
0.0446597
0.0447354
0.0449216
0.0452349
0.0456909
0.0463023
0.0470733
0.0479931
0.0490328
0.0501369
0.0512295
0.0522154
0.0529959
0.0534829
0.053626
0.0534167
0.0528977
0.0521428
0.0512422
0.0502852
0.0493489
0.0484885
0.0477459
0.0471481
0.0467089
0.046435
0.0463242
0.0463677
0.0465462
0.0468319
0.0471891
0.0475755
0.0479517
0.0482831
0.04855
0.0487465
0.0488813
0.0489697
0.0490282
0.0490693
0.0490996
0.0491191
0.0491253
0.0491147
0.0490864
0.0490396
0.0489774
0.0488981
0.0487976
0.0486664
0.0484938
0.0482732
0.0480058
0.047703
0.0473834
0.0470724
0.0467941
0.0465661
0.0463935
0.0462729
0.0461896
0.0461283
0.0460758
0.0460297
0.0459972
0.0459998
0.0460691
0.0462372
0.0465405
0.0470042
0.0476461
0.0484714
0.0494757
0.0506475
0.051968
0.0534222
0.0549976
0.0566851
0.0584722
0.0603376
0.0622391
0.0641113
0.0658695
0.0674235
0.068692
0.0696187
0.0701808
0.0703751
0.0702114
0.0696901
0.068805
0.0675519
0.0659363
0.0639929
0.0617841
0.0593988
0.0569346
0.054484
0.0521262
0.0499183
0.0478985
0.0460895
0.0444983
0.0431219
0.0419522
0.0409774
0.0401861
0.0395616
0.0390926
0.0387674
0.0385743
0.0385054
0.0385541
0.0387143
0.038982
0.0393564
0.0398322
0.0404084
0.0410765
0.0418272
0.0426413
0.0434918
0.044343
0.0451563
0.0458914
0.0465169
0.0470206
0.0474062
0.0477023
0.0479477
0.0481881
0.0484627
0.0488037
0.0492253
0.0497274
0.0502915
0.0508861
0.0514686
0.0519898
0.052404
0.0526743
0.0527828
0.0527376
0.0525689
0.0523236
0.0520599
0.0518351
0.051701
0.0516959
0.0518416
0.0521488
0.0526077
0.0531897
0.053849
0.0545224
0.0551361
0.0556096
0.0558644
0.0558369
0.0554921
0.0548248
0.0538666
0.0526782
0.051339
0.0499353
0.0485456
0.0472331
0.0460457
0.0450117
0.0441494
0.043464
0.0429493
0.0425978
0.042396
0.0423289
0.0423778
0.0425266
0.0427524
0.0430389
0.0433663
0.0437185
0.0440789
0.044435
0.0447764
0.04509
0.0453652
0.045587
0.0457355
0.0457933
0.0457402
0.0455637
0.0452625
0.0448476
0.0443452
0.0437871
0.0432135
0.0426577
0.0421463
0.0416996
0.0413298
0.0410399
0.0408296
0.0406949
0.0406269
0.0406219
0.0406702
0.040768
0.0409073
0.0410828
0.0412925
0.0415358
0.0418104
0.0421176
0.0424587
0.0428349
0.0432535
0.0437135
0.0442161
0.0447579
0.0453325
0.0459266
0.0465216
0.0470971
0.0476273
0.0480868
0.0484521
0.0487082
0.0488472
0.0488711
0.048792
0.0486305
0.0484087
0.0481505
0.0478789
0.0476086
0.0473508
0.0471074
0.0468727
0.04664
0.0463969
0.046136
0.0458473
0.0455315
0.045193
0.0448418
0.0444928
0.044162
0.0438689
0.043629
0.043456
0.043359
0.0433409
0.0433991
0.0435274
0.0437141
0.0439441
0.0442036
0.044481
0.0447703
0.0450702
0.0453911
0.045747
0.0461531
0.046625
0.04717
0.0477865
0.0484575
0.04915
0.0502361
0.0507955
0.0511931
0.0513684
0.0512857
0.0509396
0.0503602
0.0496022
0.0487356
0.04783
0.0469459
0.0461255
0.0453965
0.0447733
0.0442578
0.0438453
0.0435272
0.0432929
0.0431275
0.0430203
0.0429626
0.0429443
0.0429608
0.0430087
0.0430891
0.0432055
0.0433657
0.0435773
0.043854
0.0442114
0.044669
0.0452478
0.0459709
0.0468614
0.0479376
0.049212
0.0506817
0.0523208
0.0540499
0.055713
0.0570567
0.0577771
0.0576433
0.0566481
0.0550625
0.0533456
0.0519833
0.0513784
0.0518162
0.0534549
0.0562584
0.059844
0.0633561
0.0656431
0.0658812
0.064153
0.0613009
0.05826
0.0556018
0.0535136
0.0519625
0.0508367
0.0500236
0.0494278
0.0489838
0.0486501
0.0484028
0.0482387
0.048165
0.0481979
0.0483585
0.0486668
0.049136
0.049766
0.0505414
0.0514348
0.0524061
0.0534175
0.0544357
0.0554361
0.0563962
0.0572871
0.0580643
0.0586791
0.0590841
0.0592501
0.0591757
0.058882
0.0584124
0.0578197
0.0571613
0.0564927
0.0558649
0.0553268
0.0549188
0.0546673
0.0545808
0.0546411
0.0548075
0.0550215
0.0552131
0.0553174
0.0552801
0.0550658
0.0546634
0.0540826
0.0533534
0.0525123
0.0516068
0.0506796
0.0497722
0.0489137
0.0481291
0.0474339
0.0468383
0.0463507
0.0459794
0.045735
0.045629
0.045672
0.0458735
0.0462363
0.0467601
0.0474284
0.0482157
0.0490837
0.0499813
0.050846
0.0516099
0.0522089
0.0525897
0.0527187
0.0525959
0.0522444
0.0517099
0.0510533
0.0503343
0.0496112
0.048928
0.0483203
0.0478154
0.0474261
0.0471585
0.0470087
0.0469613
0.0469925
0.0470675
0.0471446
0.0471844
0.0471587
0.0470555
0.0468874
0.0466777
0.046459
0.0462597
0.0460975
0.0459762
0.0458879
0.045819
0.0457594
0.045708
0.0456754
0.0456902
0.0457922
0.0460273
0.0464458
0.0470969
0.0480263
0.0492658
0.0508304
0.0526926
0.0547674
0.0568921
0.0588168
0.0602424
0.0608998
0.0606489
0.0595391
0.0577927
0.055718
0.0536073
0.0516786
0.0500575
0.0487982
0.0479034
0.0473509
0.0471043
0.0471284
0.0473817
0.0478237
0.0484091
0.0490852
0.0497948
0.0504703
0.0510451
0.0514594
0.0516683
0.051651
0.0514133
0.0509834
0.0504112
0.0497542
0.0490701
0.048413
0.047832
0.0473638
0.0470378
0.046873
0.0468836
0.0470742
0.0474456
0.0479891
0.0486894
0.0495179
0.0504347
0.0513864
0.0523082
0.0531225
0.0537518
0.0541298
0.0542092
0.0539729
0.0534379
0.0526507
0.0516761
0.0505892
0.0494612
0.0483547
0.0473136
0.0463664
0.0455302
0.0448088
0.0442019
0.0437025
0.0433089
0.0430142
0.0428189
0.0427243
0.0427365
0.0428633
0.0431143
0.0435017
0.0440383
0.0447375
0.045609
0.0466566
0.0478772
0.0492574
0.0507632
0.0523416
0.0539185
0.0554071
0.0567162
0.0577725
0.0585344
0.0589927
0.0591771
0.0591303
0.058901
0.0585283
0.0580405
0.0574582
0.0567938
0.0560612
0.0552806
0.0544692
0.0536442
0.0528255
0.0520311
0.0512757
0.0505683
0.0499171
0.0493219
0.0487822
0.0482921
0.0478398
0.0474169
0.0470127
0.046622
0.0462448
0.045884
0.0455503
0.0452537
0.0450061
0.0448164
0.0446945
0.0446393
0.0446524
0.0447273
0.0448554
0.0450271
0.0452311
0.0454538
0.0456818
0.0459005
0.0460983
0.0462683
0.0464076
0.0465262
0.0466449
0.0467957
0.0470224
0.0473752
0.0479068
0.0486634
0.0496814
0.0509773
0.0525425
0.0543272
0.0562405
0.0581488
0.0598954
0.0613416
0.0623923
0.0630168
0.0632449
0.0631356
0.0627493
0.0621342
0.0613239
0.0603504
0.059253
0.0580729
0.0568562
0.0556437
0.0544634
0.053333
0.0522569
0.0512352
0.0502665
0.0493545
0.0485051
0.0477323
0.0470525
0.046487
0.0460599
0.0457907
0.0456993
0.0457964
0.0460877
0.0465646
0.0472132
0.0480128
0.0489413
0.0499827
0.0511316
0.0523824
0.0537274
0.0551342
0.0565342
0.0578178
0.0588464
0.0594875
0.059652
0.0593138
0.0585105
0.0573276
0.0558815
0.0543066
0.0527473
0.05134
0.0501993
0.0494094
0.0490222
0.0490647
0.0495503
0.050485
0.0518758
0.0537223
0.0560093
0.0586764
0.0615747
0.0644365
0.0668851
0.0685412
0.0691852
0.0688772
0.0679093
0.0666378
0.0653345
0.0641235
0.0630069
0.0619189
0.0607781
0.0595281
0.0581513
0.0566702
0.0551364
0.0536129
0.0521658
0.0508523
0.0497225
0.0488167
0.0481669
0.0477988
0.0477245
0.0479482
0.0484614
0.0492378
0.050234
