1.8
1.80001
1.80003
1.80005
1.80008
1.80011
1.80015
1.8002
1.80025
1.80031
1.80038
1.80045
1.80053
1.80061
1.8007
1.8008
1.80091
1.80102
1.80114
1.80127
1.8014
1.80154
1.80169
1.80185
1.80202
1.80219
1.80237
1.80256
1.80276
1.80297
1.80318
1.80341
1.80364
1.80388
1.80413
1.8044
1.80467
1.80495
1.80524
1.80555
1.80586
1.80619
1.80653
1.80688
1.80724
1.80762
1.80801
1.80841
1.80883
1.80926
1.80971
1.81018
1.81066
1.81116
1.81168
1.81221
1.81277
1.81335
1.81395
1.81457
1.81521
1.81588
1.81658
1.8173
1.81805
1.81883
1.81964
1.82049
1.82137
1.82228
1.82324
1.82423
1.82526
1.82635
1.82747
1.82865
1.82988
1.83117
1.83252
1.83392
1.8354
1.83694
1.83856
1.84026
1.84203
1.8439
1.84585
1.8479
1.85005
1.85231
1.85467
1.85715
1.85974
1.86244
1.86526
1.86819
1.87122
1.87435
1.87755
1.8808
1.88406
1.88728
1.8904
1.89331
1.89592
1.89807
1.89959
1.9003
1.9
1.89852
1.8958
1.89193
1.88722
1.88228
1.87794
1.87511
1.87452
1.87653
1.88102
1.88743
1.89494
1.90263
1.90965
1.91535
1.9194
1.92188
1.92331
1.92458
1.92673
1.93063
1.93661
1.94436
1.95307
1.96169
1.96927
1.97515
1.97903
1.98088
1.98094
1.97961
1.97737
1.97472
1.97204
1.96957
1.96738
1.96543
1.96363
1.96189
1.96009
1.95811
1.95589
1.9535
1.95126
1.94977
1.9497
1.95162
1.95575
1.96192
1.96968
1.97835
1.98727
1.99578
2.00333
2.00952
2.01411
2.017
2.01828
2.0182
2.01708
2.01537
2.01352
2.012
2.01118
2.01132
2.01252
2.01472
2.01772
2.02124
2.02494
2.02854
2.03178
2.03451
2.03666
2.03828
2.03946
2.04034
2.04106
2.04172
2.04238
2.04302
2.04362
2.04418
2.04469
2.04521
2.04578
2.04645
2.04724
2.04815
2.04912
2.0501
2.05106
2.05198
2.05287
2.05377
2.05475
2.05586
2.05719
2.05875
2.06058
2.06265
2.06491
2.06729
2.06971
2.07206
2.07424
2.07615
2.07771
2.07882
2.07942
2.07947
2.07893
2.07784
2.07628
2.0744
2.07237
2.07039
2.06865
2.06723
2.06607
2.06502
2.0638
2.06212
2.05974
2.05654
2.05259
2.04824
2.04409
2.04095
2.03968
2.04094
2.04496
2.05139
2.0594
2.06792
2.07584
2.08223
2.08634
2.08764
2.08584
2.08102
2.07383
2.06568
2.05865
2.05487
2.05562
2.06071
2.06869
2.07758
2.08559
2.09144
2.0943
2.09372
2.08953
2.08181
2.07096
2.05781
2.04372
2.03054
2.02032
2.01486
2.01515
2.02099
2.03114
2.04371
2.05678
2.06882
2.07891
2.08669
2.09222
2.09582
2.09792
2.09899
2.09943
2.09957
2.09964
2.09975
2.09998
2.10033
2.10076
2.10125
2.10178
2.10232
2.10287
2.10344
2.10401
2.1046
2.10518
2.10572
2.10616
2.10641
2.10635
2.10581
2.10458
2.10241
2.09905
2.09428
2.08802
2.08049
2.07227
2.06439
2.05808
2.05441
2.05375
2.05569
2.05926
2.06334
2.06709
2.07003
2.07203
2.07318
2.07372
2.07392
2.07401
2.07419
2.07456
2.07513
2.07583
2.07654
2.07711
2.07743
2.07744
2.07716
2.0767
2.0762
2.07585
2.07578
2.07603
2.07656
2.07726
2.07795
2.07847
2.07871
2.07861
2.07815
2.07742
2.07652
2.07556
2.07467
2.07396
2.07347
2.07324
2.07323
2.07341
2.07372
2.07412
2.07457
2.07507
2.07561
2.0762
2.07685
2.07757
2.07833
2.07909
2.0798
2.08035
2.08061
2.08043
2.07963
2.07801
2.07535
2.07145
2.06611
2.05926
2.05101
2.04172
2.03215
2.02341
2.01682
2.01363
2.01458
2.0197
2.02822
2.03889
2.05034
2.06142
2.07133
2.07961
2.08608
2.09072
2.09356
2.09466
2.09407
2.09182
2.088
2.08277
2.07648
2.06964
2.06292
2.05699
2.05233
1.79738
1.79598
1.79562
1.79593
1.79667
1.79776
1.79917
1.80092
1.80295
1.80515
1.80738
1.8095
1.81141
1.81308
1.8145
1.81572
1.81679
1.81775
1.81863
1.81947
1.82026
1.82101
1.82171
1.82235
1.82293
1.82344
1.82388
1.82425
1.82457
1.82484
1.82507
1.82526
1.82544
1.82559
1.82574
1.82588
1.826
1.82611
1.82618
1.82622
1.8262
1.82611
1.82592
1.8256
1.82513
1.82449
1.82365
1.8226
1.82132
1.81983
1.81815
1.81635
1.81451
1.81274
1.81114
1.80983
1.80886
1.80826
1.80797
1.80791
1.80794
1.80792
1.80774
1.80732
1.80664
1.80574
1.80472
1.80371
1.80289
1.80242
1.80244
1.80305
1.80427
1.80604
1.80825
1.81071
1.81323
1.81563
1.81774
1.81943
1.82064
1.82136
1.8216
1.82144
1.82097
1.82027
1.81941
1.81842
1.81726
1.8159
1.81426
1.81229
1.81003
1.80757
1.80511
1.80288
1.80116
1.80017
1.80002
1.80071
1.80214
1.80411
1.8064
1.80876
1.81095
1.81273
1.8139
1.81433
1.814
1.813
1.81157
1.81002
1.8087
1.80789
1.80775
1.80834
1.8096
1.81139
1.81357
1.81598
1.81841
1.82071
1.82267
1.82414
1.82499
1.82514
1.82461
1.82349
1.82194
1.82021
1.8186
1.81743
1.817
1.81759
1.81932
1.8222
1.82606
1.83061
1.83546
1.84023
1.84458
1.84824
1.85104
1.85288
1.85371
1.85352
1.85238
1.85037
1.8477
1.84461
1.8414
1.83836
1.83574
1.83368
1.83219
1.83126
1.83081
1.8308
1.8312
1.83196
1.83294
1.83396
1.83473
1.83501
1.83461
1.83351
1.83184
1.82991
1.82812
1.8269
1.82655
1.82721
1.82881
1.83105
1.83351
1.83574
1.83734
1.83805
1.83776
1.83659
1.8348
1.8328
1.83107
1.83
1.82985
1.83064
1.83212
1.83393
1.83565
1.837
1.83785
1.83826
1.83841
1.83855
1.83886
1.83946
1.84029
1.84122
1.84206
1.8426
1.84268
1.84217
1.84101
1.83914
1.83655
1.83325
1.82929
1.82479
1.81997
1.81514
1.81072
1.80714
1.80483
1.80402
1.80475
1.8068
1.80981
1.81333
1.81696
1.82038
1.82341
1.82597
1.82805
1.82972
1.83105
1.83213
1.83302
1.83377
1.8344
1.83491
1.83525
1.83539
1.83526
1.83478
1.83389
1.83255
1.83072
1.82841
1.82565
1.82252
1.81908
1.81539
1.81147
1.80735
1.80307
1.79886
1.79522
1.79295
1.79295
1.79582
1.80142
1.80887
1.81676
1.82367
1.82847
1.83051
1.82957
1.82594
1.82049
1.81463
1.81011
1.80841
1.81005
1.81438
1.81993
1.82511
1.8287
1.82997
1.82865
1.82488
1.81926
1.81302
1.80793
1.80582
1.80774
1.81336
1.82118
1.82933
1.83631
1.84133
1.8442
1.84515
1.84461
1.84304
1.84082
1.83821
1.83528
1.83195
1.82806
1.82345
1.81807
1.8121
1.80597
1.80041
1.79627
1.79431
1.79498
1.79821
1.80351
1.81011
1.81723
1.82426
1.83082
1.83668
1.84179
1.84614
1.84975
1.85264
1.85483
1.85633
1.85718
1.85737
1.85694
1.8559
1.85427
1.85205
1.84923
1.84579
1.84171
1.83697
1.83163
1.8258
1.81975
1.81384
1.80856
1.80441
1.80183
1.80107
1.80216
1.80489
1.80887
1.81361
1.81862
1.82347
1.82782
1.8315
1.83443
1.83665
1.83827
1.83946
1.84038
1.84118
1.84196
1.84276
1.84355
1.84426
1.8448
1.84507
1.84502
1.84466
1.84404
1.84332
1.84264
1.84218
1.84203
1.84223
1.84269
1.84321
1.84356
1.84347
1.84271
1.84118
1.83886
1.83591
1.83265
1.8295
1.82697
1.82556
1.82564
1.82734
1.83054
1.83481
1.8396
1.84426
1.84818
1.85084
1.85184
1.85089
1.84785
1.84273
1.83576
1.82747
1.81865
1.81035
1.80362
1.79929
1.79772
1.79871
1.80165
1.80574
1.8102
1.81445
1.81814
1.82115
1.82348
1.8252
1.82643
1.82725
1.82774
1.82796
1.79998
1.79981
1.79954
1.79926
1.79903
1.79888
1.79883
1.79887
1.79895
1.79901
1.79902
1.79893
1.79871
1.79835
1.79786
1.79726
1.79657
1.79582
1.79504
1.79426
1.7935
1.79279
1.79215
1.79159
1.79111
1.79072
1.79042
1.79019
1.79004
1.78994
1.78988
1.78982
1.78974
1.7896
1.78935
1.78893
1.78829
1.78737
1.78612
1.7845
1.78252
1.78024
1.77782
1.77549
1.77355
1.77229
1.77196
1.77268
1.77439
1.77687
1.77986
1.78305
1.78621
1.78919
1.79189
1.79429
1.7964
1.79821
1.79975
1.80101
1.80196
1.80258
1.80282
1.80263
1.80195
1.80071
1.79885
1.7963
1.79305
1.7891
1.78458
1.77968
1.77462
1.76953
1.76429
1.75847
1.75148
1.74298
1.73346
1.7247
1.7196
1.72117
1.73087
1.74754
1.76801
1.78868
1.80692
1.8215
1.83225
1.83959
1.84416
1.84657
1.84738
1.84702
1.8458
1.84398
1.84173
1.83915
1.83629
1.83316
1.82973
1.82595
1.82179
1.81727
1.81245
1.8075
1.80267
1.79826
1.79463
1.79207
1.79081
1.79091
1.7923
1.79477
1.79803
1.80179
1.80577
1.80978
1.8137
1.81745
1.821
1.82437
1.82753
1.83049
1.83321
1.83567
1.83782
1.83964
1.8411
1.84218
1.84286
1.84313
1.84298
1.84242
1.84143
1.84
1.83815
1.83588
1.83323
1.83025
1.82705
1.82373
1.82047
1.8174
1.81468
1.81242
1.81068
1.80949
1.80888
1.80881
1.80925
1.81013
1.81132
1.81264
1.81389
1.81488
1.81541
1.81539
1.81474
1.81342
1.81142
1.80872
1.8053
1.8012
1.79652
1.79152
1.78662
1.78238
1.77932
1.77783
1.77801
1.77962
1.78222
1.78526
1.78832
1.7911
1.79354
1.79566
1.79759
1.79942
1.80125
1.80311
1.80502
1.80695
1.80888
1.81075
1.81249
1.81403
1.81529
1.81621
1.81676
1.81694
1.81677
1.8163
1.81558
1.81468
1.81364
1.8125
1.81129
1.80999
1.80858
1.80697
1.8051
1.80285
1.80012
1.79681
1.79288
1.78832
1.78323
1.77782
1.77242
1.76747
1.76344
1.76076
1.75973
1.76042
1.76271
1.76627
1.77066
1.77543
1.78021
1.78471
1.78877
1.79233
1.7954
1.79802
1.80026
1.80219
1.80387
1.80534
1.80661
1.8077
1.8086
1.80929
1.80973
1.80988
1.80968
1.80909
1.80806
1.80656
1.80459
1.80223
1.79961
1.79698
1.79463
1.79292
1.79214
1.79248
1.79398
1.79648
1.79973
1.80342
1.80726
1.81103
1.81461
1.8179
1.82089
1.82358
1.82598
1.8281
1.82991
1.83136
1.8323
1.83257
1.8319
1.83001
1.82661
1.82151
1.81479
1.80691
1.79881
1.79184
1.78734
1.78618
1.78843
1.79342
1.80006
1.80727
1.81413
1.82001
1.82458
1.82773
1.82956
1.83027
1.83013
1.82943
1.82844
1.82742
1.82657
1.82609
1.82613
1.82682
1.82823
1.83034
1.83308
1.8363
1.83983
1.84348
1.84711
1.85062
1.85396
1.85711
1.8601
1.86292
1.86557
1.86803
1.87024
1.87213
1.87361
1.87456
1.87487
1.87437
1.87288
1.87016
1.86594
1.85992
1.85183
1.84165
1.82977
1.81731
1.80605
1.79783
1.79369
1.7933
1.79533
1.79849
1.80216
1.80629
1.81093
1.81589
1.82071
1.82484
1.82791
1.8298
1.83065
1.83081
1.83075
1.83098
1.83193
1.83391
1.83699
1.84101
1.84567
1.85057
1.85536
1.85977
1.86363
1.86687
1.86947
1.87147
1.87292
1.87388
1.87438
1.87445
1.8741
1.8733
1.87204
1.87028
1.86801
1.86525
1.86209
1.85871
1.85538
1.85247
1.85039
1.84948
1.84994
1.85179
1.85481
1.85865
1.8629
1.8672
1.87122
1.87475
1.87767
1.87991
1.8815
1.88247
1.88292
1.88296
1.88272
1.88234
1.88195
1.88166
1.88154
1.88165
1.88196
1.88243
1.88301
1.88361
1.88416
1.88459
1.8849
1.88508
1.88518
1.88525
1.88537
1.88559
1.88596
1.88647
1.80062
1.80131
1.80197
1.80251
1.80283
1.80288
1.80262
1.80203
1.80115
1.8
1.79867
1.79726
1.79585
1.79456
1.79345
1.7926
1.79203
1.79176
1.79177
1.79204
1.79256
1.79332
1.7943
1.7955
1.79692
1.79857
1.80041
1.80241
1.80449
1.80658
1.80859
1.81043
1.81203
1.81331
1.81425
1.81482
1.81499
1.81479
1.81421
1.81325
1.81194
1.81027
1.80826
1.8059
1.80319
1.80015
1.79679
1.79313
1.78923
1.78515
1.78101
1.77695
1.77313
1.76973
1.76692
1.76485
1.76362
1.76327
1.76378
1.76505
1.76693
1.7692
1.77163
1.77395
1.77589
1.7772
1.77762
1.77691
1.77486
1.77134
1.7664
1.76044
1.75428
1.74917
1.74644
1.74699
1.75085
1.75714
1.76455
1.77185
1.77825
1.78339
1.78723
1.78995
1.79173
1.79279
1.79332
1.79344
1.79327
1.79286
1.79225
1.79145
1.79046
1.78929
1.78796
1.78651
1.78502
1.7836
1.78235
1.78136
1.78067
1.7802
1.77977
1.77909
1.7778
1.77554
1.77205
1.76724
1.76131
1.75477
1.74849
1.74347
1.74066
1.74061
1.74334
1.7483
1.75465
1.76155
1.76835
1.7747
1.78051
1.78583
1.79078
1.79545
1.79987
1.804
1.80775
1.81101
1.81364
1.81553
1.81661
1.81687
1.81636
1.81523
1.81372
1.81209
1.81065
1.80965
1.80923
1.80942
1.81017
1.81137
1.81291
1.8147
1.8167
1.81887
1.82116
1.8235
1.82576
1.82781
1.8295
1.83065
1.83112
1.83079
1.82953
1.82726
1.8239
1.81943
1.81395
1.80772
1.80123
1.79524
1.79064
1.7882
1.78825
1.79057
1.79444
1.79895
1.80327
1.80686
1.80945
1.81097
1.81152
1.81125
1.81039
1.80916
1.80783
1.80667
1.80596
1.80592
1.8067
1.80836
1.81085
1.81404
1.81772
1.82168
1.82568
1.82954
1.83311
1.83631
1.83908
1.84143
1.84336
1.84487
1.84591
1.84636
1.84603
1.84468
1.84203
1.83785
1.83202
1.82465
1.81611
1.80706
1.79835
1.79079
1.78497
1.78112
1.77915
1.77882
1.77984
1.78199
1.78502
1.78858
1.7922
1.79535
1.79762
1.79877
1.79886
1.79817
1.79716
1.79631
1.79607
1.79673
1.79843
1.80105
1.80436
1.80798
1.81155
1.81471
1.81724
1.81895
1.81975
1.81959
1.81843
1.81627
1.8131
1.80898
1.80404
1.79847
1.79252
1.78644
1.78047
1.77475
1.7695
1.76508
1.7621
1.76125
1.763
1.76729
1.77342
1.78036
1.78711
1.79294
1.79749
1.80067
1.80258
1.80342
1.80337
1.80258
1.80115
1.79908
1.79629
1.79261
1.78779
1.78155
1.77363
1.76392
1.7527
1.74094
1.73053
1.72393
1.72318
1.72873
1.73904
1.75156
1.7639
1.77456
1.78292
1.78893
1.79283
1.79492
1.7955
1.79487
1.79331
1.7911
1.78854
1.78593
1.78356
1.78168
1.78044
1.77988
1.77996
1.78055
1.78151
1.78268
1.7839
1.78504
1.78599
1.78664
1.78693
1.78683
1.78634
1.78553
1.78445
1.78321
1.78188
1.78052
1.77917
1.77783
1.77649
1.77516
1.77383
1.77253
1.77131
1.77029
1.76958
1.76931
1.76957
1.77037
1.77162
1.77313
1.77469
1.7761
1.77718
1.7779
1.77826
1.77841
1.77848
1.77867
1.77909
1.77983
1.7809
1.78226
1.78384
1.78556
1.78735
1.78912
1.79081
1.79233
1.79361
1.79453
1.79497
1.79477
1.79376
1.79171
1.78833
1.78332
1.77632
1.76705
1.75548
1.74209
1.72819
1.71596
1.70787
1.7056
1.70909
1.71671
1.72635
1.7363
1.74564
1.75406
1.76157
1.76826
1.77422
1.77946
1.78396
1.78769
1.79061
1.79275
1.79414
1.79488
1.79507
1.79482
1.7942
1.79328
1.79208
1.79062
1.78892
1.78702
1.78496
1.7828
1.78055
1.77815
1.77549
1.77253
1.76933
1.76618
1.76358
1.76214
1.76245
1.76483
1.76926
1.77531
1.78229
1.78943
1.7961
1.80184
1.80646
1.80994
1.80217
1.80359
1.80424
1.80421
1.80349
1.80201
1.7996
1.79607
1.79119
1.78482
1.77704
1.76821
1.75909
1.75074
1.74428
1.74044
1.7393
1.74021
1.74208
1.74386
1.74495
1.74527
1.7452
1.7453
1.746
1.74742
1.74932
1.75124
1.75276
1.75366
1.75404
1.75428
1.75492
1.75647
1.75925
1.76328
1.76829
1.77385
1.77945
1.78465
1.78911
1.79265
1.79517
1.79666
1.79716
1.79674
1.79548
1.79346
1.79078
1.78755
1.78392
1.78003
1.77603
1.77204
1.76818
1.76447
1.7609
1.75739
1.75386
1.75018
1.74628
1.74213
1.73781
1.73352
1.7296
1.72649
1.72467
1.72443
1.72585
1.72872
1.73261
1.73708
1.74172
1.74627
1.75057
1.75454
1.75818
1.76149
1.76449
1.76719
1.76962
1.77177
1.77367
1.77533
1.77672
1.77787
1.77873
1.7793
1.77953
1.77939
1.77884
1.77784
1.77639
1.77452
1.7723
1.7699
1.76756
1.76558
1.76427
1.76394
1.76477
1.76681
1.76994
1.77392
1.77843
1.7831
1.78759
1.79157
1.7948
1.79705
1.79815
1.79798
1.79643
1.79346
1.78911
1.78353
1.77705
1.7702
1.76366
1.75815
1.75434
1.75271
1.75347
1.75661
1.76192
1.76901
1.77738
1.78641
1.7955
1.80415
1.81196
1.8187
1.82431
1.82884
1.83249
1.83553
1.83827
1.84101
1.84394
1.8471
1.85042
1.85375
1.85692
1.85977
1.86222
1.86424
1.86585
1.86709
1.868
1.86863
1.86899
1.86906
1.86877
1.86797
1.86646
1.86396
1.86012
1.85462
1.84725
1.8381
1.82769
1.817
1.80726
1.79964
1.79492
1.79342
1.79501
1.79918
1.80501
1.81127
1.81661
1.81989
1.82056
1.81869
1.81495
1.81034
1.80595
1.80271
1.80125
1.80186
1.80443
1.80856
1.81365
1.81909
1.82436
1.82911
1.83316
1.83646
1.83908
1.84108
1.84261
1.8438
1.84481
1.84578
1.84685
1.84809
1.84956
1.85123
1.85303
1.85488
1.85662
1.85813
1.85924
1.85981
1.85969
1.85874
1.85685
1.85394
1.85001
1.84515
1.83957
1.83363
1.82775
1.82235
1.81775
1.8141
1.81135
1.80928
1.80761
1.80605
1.80435
1.80241
1.80033
1.79837
1.79698
1.79662
1.79763
1.8001
1.8038
1.80831
1.81308
1.81761
1.82151
1.82457
1.82673
1.82812
1.82898
1.8297
1.83066
1.83221
1.83452
1.83756
1.84113
1.84488
1.84847
1.85159
1.85399
1.85553
1.85611
1.85567
1.85418
1.85165
1.84817
1.8439
1.83914
1.83423
1.82951
1.8252
1.82132
1.81772
1.81423
1.81084
1.8077
1.80514
1.80346
1.80287
1.80336
1.80482
1.80703
1.80979
1.81286
1.81597
1.81887
1.82132
1.8231
1.82402
1.82397
1.82289
1.82083
1.81797
1.81468
1.81149
1.80901
1.8078
1.80813
1.80986
1.81253
1.81548
1.81809
1.81991
1.82073
1.82056
1.8196
1.81817
1.81664
1.81535
1.81457
1.8144
1.81482
1.81566
1.81671
1.81772
1.81844
1.81862
1.81801
1.81635
1.81335
1.80878
1.80253
1.79486
1.78663
1.77929
1.77466
1.77406
1.77762
1.78417
1.79187
1.79905
1.80467
1.80833
1.81007
1.81016
1.80897
1.80689
1.80433
1.80167
1.79924
1.79733
1.79612
1.79572
1.79615
1.79736
1.79924
1.80164
1.80434
1.80707
1.80953
1.81141
1.8125
1.81267
1.81196
1.81053
1.80863
1.80644
1.80405
1.80139
1.79841
1.79521
1.79219
1.79008
1.7897
1.79153
1.79551
1.80104
1.80723
1.81322
1.81842
1.82252
1.82544
1.82725
1.82807
1.82805
1.82731
1.82592
1.82392
1.8213
1.81798
1.81389
1.80895
1.80314
1.79663
1.78983
1.78347
1.77849
1.77578
1.77583
1.7785
1.78304
1.78843
1.79374
1.79832
1.80186
1.8043
1.80572
1.80629
1.80617
1.8055
1.80438
1.80287
1.80099
1.79875
1.79616
1.79321
1.78998
1.78657
1.78316
1.77997
1.77725
1.77521
1.77395
1.79957
1.7996
1.79976
1.79957
1.79858
1.79647
1.79313
1.78881
1.78416
1.78011
1.77764
1.77738
1.77932
1.78289
1.78719
1.79135
1.79479
1.79721
1.79856
1.79896
1.79858
1.79762
1.79628
1.79475
1.79316
1.79162
1.79019
1.78889
1.7877
1.78658
1.78546
1.78429
1.78301
1.78157
1.77996
1.77816
1.77618
1.77405
1.77182
1.76956
1.76739
1.76543
1.76383
1.76271
1.76218
1.76229
1.763
1.76424
1.76586
1.7677
1.7696
1.77141
1.77304
1.77443
1.77556
1.77647
1.77721
1.77787
1.77854
1.77932
1.78029
1.78152
1.78301
1.78473
1.78662
1.78856
1.79042
1.79202
1.79318
1.79373
1.79346
1.79213
1.78952
1.78537
1.7794
1.77141
1.76132
1.74932
1.73601
1.72252
1.71046
1.70161
1.69745
1.69874
1.70529
1.71609
1.72968
1.74445
1.75897
1.77215
1.78332
1.79224
1.79896
1.80378
1.8071
1.80931
1.81078
1.81174
1.8123
1.81247
1.81219
1.81136
1.80994
1.80793
1.80542
1.80258
1.79961
1.79674
1.79415
1.79196
1.79021
1.78892
1.7881
1.78782
1.78817
1.78925
1.79109
1.79358
1.79649
1.79947
1.80216
1.80422
1.8054
1.80558
1.80479
1.80322
1.80115
1.79898
1.79709
1.79581
1.79539
1.79591
1.79736
1.79965
1.80264
1.80613
1.80997
1.81395
1.81789
1.82158
1.82485
1.82752
1.8294
1.83035
1.83022
1.8289
1.82629
1.82244
1.81755
1.81207
1.8068
1.80277
1.80095
1.80193
1.80561
1.81127
1.81787
1.82443
1.83028
1.83503
1.83856
1.8409
1.84212
1.84236
1.84176
1.84051
1.83883
1.83696
1.83516
1.8336
1.83235
1.8313
1.83025
1.82897
1.82731
1.82531
1.82324
1.82153
1.82065
1.82092
1.82237
1.82466
1.8272
1.8293
1.83042
1.83031
1.82917
1.82763
1.82656
1.82672
1.82847
1.83159
1.83547
1.83937
1.84273
1.84524
1.8468
1.84747
1.84733
1.84653
1.84522
1.84359
1.84186
1.84026
1.83896
1.83809
1.83765
1.83755
1.83764
1.83774
1.83771
1.83745
1.83699
1.83645
1.83598
1.83576
1.83587
1.83626
1.83679
1.83726
1.8375
1.83749
1.83731
1.83718
1.83734
1.83799
1.83915
1.84074
1.84254
1.84428
1.84571
1.84663
1.84688
1.84634
1.84494
1.84264
1.83947
1.83554
1.83103
1.8262
1.82138
1.81694
1.81326
1.81072
1.80964
1.81016
1.81219
1.81535
1.81904
1.82262
1.82553
1.8274
1.8281
1.82772
1.82652
1.82485
1.82308
1.82153
1.82046
1.82
1.82019
1.8209
1.82198
1.82321
1.82437
1.82531
1.82594
1.82622
1.82618
1.82588
1.82537
1.82474
1.82407
1.82339
1.82273
1.82203
1.82116
1.81999
1.8184
1.81636
1.81399
1.81156
1.80944
1.808
1.80746
1.80781
1.80886
1.81029
1.81177
1.81304
1.814
1.81464
1.81506
1.8154
1.81586
1.8166
1.81773
1.81935
1.82145
1.82398
1.82683
1.82984
1.83281
1.83553
1.8378
1.83944
1.84031
1.84033
1.83949
1.83783
1.83542
1.83229
1.82847
1.82396
1.8188
1.81322
1.80766
1.80279
1.79926
1.79741
1.79714
1.79794
1.79917
1.80038
1.80139
1.80232
1.8034
1.80486
1.80679
1.80909
1.81158
1.81401
1.81621
1.81806
1.81951
1.82052
1.821
1.82087
1.82003
1.81846
1.8163
1.81386
1.81159
1.80998
1.80939
1.80995
1.81154
1.81382
1.81635
1.81873
1.82066
1.82204
1.82293
1.82351
1.82403
1.82469
1.82561
1.82678
1.82807
1.82926
1.83007
1.83024
1.82952
1.82772
1.82479
1.8208
1.81604
1.81095
1.80603
1.80168
1.79796
1.7946
1.79113
1.78717
1.78278
1.77854
1.77534
1.77391
1.77437
1.7762
1.77849
1.78042
1.78152
1.78172
1.78122
1.78032
1.77929
1.77827
1.77723
1.77603
1.77451
1.77252
1.7701
1.76744
1.76494
1.76309
1.76228
1.76267
1.76407
1.76605
1.80186
1.80324
1.80367
1.80296
1.80108
1.79817
1.7945
1.79048
1.78669
1.78379
1.78237
1.78284
1.78522
1.78915
1.79401
1.79909
1.80373
1.80741
1.80971
1.81031
1.80897
1.80549
1.79983
1.79224
1.78343
1.7746
1.76717
1.76224
1.76016
1.76051
1.76254
1.76572
1.7698
1.7746
1.77975
1.78467
1.78868
1.79126
1.7921
1.79118
1.78866
1.78485
1.78013
1.77492
1.76965
1.76474
1.7606
1.7576
1.75603
1.75608
1.75777
1.76098
1.76543
1.77076
1.77655
1.78235
1.78779
1.79254
1.79635
1.79909
1.80074
1.80134
1.80105
1.80006
1.7986
1.79688
1.79507
1.7933
1.79166
1.79023
1.7891
1.78836
1.7881
1.78835
1.78902
1.79001
1.79114
1.79228
1.79335
1.79436
1.79535
1.79639
1.79755
1.79883
1.8002
1.80159
1.80287
1.80393
1.80465
1.80495
1.80476
1.80405
1.80284
1.80111
1.79892
1.79628
1.79325
1.78986
1.7862
1.78234
1.77842
1.77458
1.771
1.76789
1.76541
1.76375
1.763
1.76319
1.76425
1.76606
1.76844
1.77115
1.77401
1.77683
1.77947
1.78185
1.78392
1.78565
1.78707
1.78819
1.78904
1.78965
1.79006
1.7903
1.7904
1.7904
1.79032
1.79018
1.79002
1.78984
1.78968
1.78956
1.78948
1.78946
1.78953
1.78968
1.78992
1.79025
1.79067
1.79116
1.79169
1.79224
1.79277
1.79324
1.79358
1.79375
1.79372
1.79345
1.79296
1.79228
1.79152
1.7908
1.79029
1.79015
1.79046
1.79126
1.79247
1.79396
1.79555
1.79705
1.79834
1.79932
1.79993
1.8001
1.79971
1.79861
1.79663
1.79366
1.78977
1.78526
1.78073
1.77688
1.77428
1.77315
1.7733
1.77417
1.77517
1.77594
1.7765
1.77733
1.77906
1.78219
1.78671
1.79211
1.79752
1.80216
1.80551
1.80742
1.80808
1.80786
1.80719
1.80646
1.80591
1.8056
1.80541
1.80513
1.80455
1.8036
1.80245
1.80148
1.80115
1.8018
1.80355
1.80619
1.80933
1.81252
1.81538
1.81767
1.81931
1.8203
1.8207
1.82063
1.82017
1.81942
1.81847
1.81736
1.81614
1.81486
1.81354
1.81221
1.81092
1.8097
1.80862
1.80775
1.80716
1.80693
1.80712
1.80777
1.80889
1.81045
1.81237
1.81459
1.817
1.81952
1.82206
1.82453
1.82685
1.8289
1.83053
1.83151
1.83152
1.8301
1.82662
1.8204
1.81087
1.79813
1.78369
1.77092
1.76403
1.76548
1.77397
1.7853
1.79517
1.80098
1.80205
1.79917
1.79418
1.78951
1.78747
1.78915
1.79402
1.80044
1.80669
1.81176
1.81546
1.81817
1.82045
1.82282
1.82559
1.82883
1.83242
1.83611
1.83963
1.84274
1.8453
1.84723
1.84856
1.84941
1.84992
1.85027
1.85061
1.85105
1.8516
1.85218
1.85263
1.85275
1.8523
1.85107
1.84891
1.84576
1.84163
1.8367
1.83125
1.8257
1.82054
1.81626
1.81327
1.81181
1.81191
1.81342
1.81609
1.8196
1.82365
1.82797
1.8323
1.8364
1.84004
1.84304
1.84527
1.84665
1.8472
1.84696
1.84608
1.84467
1.84289
1.84083
1.83856
1.83611
1.83349
1.83072
1.82786
1.82502
1.82236
1.82007
1.81832
1.81724
1.81685
1.81708
1.81779
1.81882
1.82006
1.82143
1.82291
1.8245
1.82625
1.82815
1.8302
1.83235
1.83452
1.83661
1.8385
1.84007
1.84122
1.84187
1.84193
1.84136
1.8401
1.83811
1.83534
1.83172
1.82719
1.82167
1.81518
1.80788
1.80019
1.79288
1.78698
1.7835
1.78303
1.78539
1.78972
1.79487
1.7998
1.80385
1.80675
1.80859
1.8096
1.81011
1.81042
1.81076
1.81128
1.81205
1.81306
1.81431
1.81574
1.81734
1.81904
1.82081
1.82258
1.82428
1.82586
1.82726
1.82842
1.8293
1.82986
1.83006
1.82986
1.82919
1.82797
1.82611
1.8235
1.82003
1.81565
1.81036
1.80429
1.79773
1.79111
1.78494
1.77965
1.7755
1.79719
1.7951
1.7937
1.79291
1.79278
1.79339
1.79474
1.7966
1.79862
1.80042
1.80174
1.8025
1.80286
1.80308
1.80348
1.80431
1.80572
1.80775
1.81033
1.81332
1.81652
1.81974
1.82276
1.82541
1.82757
1.8292
1.8303
1.83089
1.83104
1.83082
1.83029
1.8295
1.8285
1.82734
1.82607
1.82477
1.82353
1.82243
1.82157
1.821
1.82073
1.82067
1.82066
1.82047
1.81985
1.81854
1.81634
1.81321
1.8093
1.80503
1.80098
1.79781
1.79604
1.7959
1.79728
1.79983
1.80317
1.80694
1.81089
1.81485
1.81869
1.82234
1.82575
1.82891
1.8318
1.83444
1.8368
1.83887
1.84058
1.84184
1.84254
1.84253
1.84167
1.83984
1.83697
1.8331
1.82841
1.82325
1.81804
1.81324
1.80912
1.80572
1.80282
1.8001
1.79729
1.79427
1.7912
1.7884
1.78634
1.78552
1.78639
1.78922
1.79405
1.80065
1.80855
1.81718
1.82594
1.83435
1.84205
1.84882
1.85456
1.85926
1.86299
1.86583
1.8679
1.86934
1.87028
1.87084
1.87116
1.87133
1.87145
1.87159
1.8718
1.87208
1.87244
1.87287
1.87334
1.87383
1.87431
1.87476
1.87515
1.87548
1.87572
1.87582
1.87574
1.87541
1.87474
1.87362
1.87195
1.86962
1.86652
1.86254
1.85751
1.85114
1.84305
1.83287
1.82056
1.80675
1.79311
1.78202
1.77569
1.77504
1.77949
1.78757
1.79785
1.8093
1.82119
1.83291
1.84388
1.8536
1.86168
1.86777
1.87138
1.87174
1.86771
1.85802
1.8421
1.8216
1.80196
1.79093
1.79307
1.80551
1.82092
1.83333
1.8404
1.84233
1.84044
1.83661
1.83324
1.8328
1.83686
1.84507
1.85538
1.86511
1.87206
1.87505
1.87376
1.86868
1.86103
1.85283
1.84659
1.84438
1.84693
1.85325
1.86143
1.86963
1.87674
1.88236
1.88656
1.88966
1.89196
1.89375
1.89521
1.89646
1.89756
1.89853
1.89935
1.89996
1.90031
1.90033
1.89995
1.89908
1.89763
1.89551
1.89266
1.88902
1.88458
1.87939
1.87359
1.86742
1.8612
1.85534
1.85029
1.84647
1.8442
1.8436
1.84458
1.84682
1.84983
1.85309
1.85614
1.85863
1.86037
1.86124
1.86119
1.86017
1.85809
1.85484
1.85034
1.84463
1.83803
1.83124
1.82531
1.82149
1.82073
1.82333
1.82882
1.83619
1.84431
1.85225
1.85935
1.86521
1.86961
1.87242
1.87358
1.87306
1.87089
1.86713
1.86196
1.85567
1.84872
1.84174
1.83547
1.83066
1.82791
1.82746
1.82917
1.83251
1.83679
1.8413
1.84547
1.84892
1.85148
1.85312
1.8539
1.85393
1.85333
1.85224
1.85077
1.84903
1.84711
1.84512
1.84314
1.84126
1.83956
1.83808
1.83685
1.83585
1.83508
1.83451
1.83411
1.83391
1.83389
1.83408
1.83447
1.83502
1.83564
1.83621
1.83656
1.83653
1.83596
1.83472
1.83279
1.8302
1.82711
1.82378
1.82053
1.81771
1.8156
1.81439
1.81407
1.81449
1.81539
1.81649
1.81754
1.8184
1.81902
1.81947
1.81984
1.82026
1.82083
1.82164
1.8227
1.82399
1.82545
1.82696
1.82838
1.82949
1.83004
1.82975
1.82837
1.82572
1.82181
1.81702
1.81213
1.8083
1.8067
1.80803
1.81217
1.81823
1.82498
1.83132
1.83652
1.84027
1.8425
1.84331
1.84285
1.84128
1.8388
1.83564
1.83209
1.82853
1.82537
1.82303
1.82179
1.82173
1.82267
1.82422
1.82587
1.82704
1.82721
1.82595
1.823
1.81835
1.81241
1.80613
1.80089
1.7981
1.7986
1.8022
1.80787
1.81421
1.82008
1.82485
1.82829
1.83052
1.83173
1.83216
1.83201
1.83145
1.83059
1.82958
1.82852
1.82754
1.82667
1.82585
1.82482
1.82318
1.8204
1.81606
1.81008
1.80302
1.79618
1.79142
1.79033
1.79341
1.7997
1.80734
1.81436
1.81938
1.82167
1.82114
1.81819
1.81365
1.80877
1.80494
1.80334
1.8045
1.80815
1.81346
1.80573
1.81156
1.81678
1.82122
1.82491
1.82795
1.83045
1.8325
1.83419
1.83558
1.83669
1.83756
1.83823
1.83871
1.83901
1.83916
1.83914
1.83896
1.8386
1.83802
1.83721
1.83612
1.83472
1.833
1.83097
1.82868
1.82623
1.82377
1.82148
1.81951
1.81799
1.81693
1.81626
1.81583
1.81544
1.81494
1.81426
1.81344
1.81264
1.81201
1.81166
1.81154
1.81145
1.81109
1.81011
1.80828
1.80547
1.80178
1.79745
1.79289
1.78862
1.78519
1.7831
1.78266
1.784
1.78696
1.79124
1.79639
1.80201
1.80772
1.81328
1.81851
1.82333
1.82768
1.83155
1.83491
1.83776
1.84007
1.84181
1.84298
1.84352
1.84342
1.8426
1.84103
1.83864
1.83537
1.8312
1.82617
1.82044
1.81433
1.80837
1.80324
1.79965
1.79816
1.79892
1.80167
1.80577
1.81047
1.81506
1.81905
1.82214
1.82424
1.82534
1.82555
1.82498
1.82377
1.82204
1.81993
1.81753
1.81497
1.81235
1.80975
1.80726
1.80497
1.80296
1.80129
1.80003
1.79919
1.79877
1.79875
1.79904
1.79956
1.8002
1.80086
1.80148
1.80202
1.8025
1.80296
1.8035
1.80418
1.80509
1.80623
1.80761
1.80916
1.81078
1.81239
1.81389
1.81521
1.81633
1.81721
1.81786
1.81829
1.81846
1.81834
1.81787
1.81694
1.81547
1.81338
1.8106
1.80715
1.80313
1.79874
1.79431
1.79026
1.78708
1.78517
1.78482
1.78608
1.78878
1.79257
1.79702
1.80171
1.8063
1.81053
1.81423
1.81731
1.81971
1.82141
1.82244
1.82284
1.82268
1.82209
1.82122
1.82027
1.81941
1.8188
1.81853
1.81862
1.81901
1.8196
1.8203
1.82103
1.82175
1.82245
1.82314
1.82382
1.82452
1.82522
1.82591
1.82661
1.82732
1.82811
1.82903
1.83014
1.83146
1.83294
1.83453
1.8361
1.83755
1.83881
1.83985
1.84072
1.8415
1.84227
1.84314
1.84413
1.84524
1.84638
1.8474
1.84816
1.84848
1.84824
1.84733
1.84572
1.84342
1.84045
1.83688
1.83276
1.82809
1.82285
1.81705
1.81069
1.80391
1.79693
1.7901
1.78381
1.77842
1.77417
1.77116
1.76936
1.76871
1.7692
1.77086
1.7738
1.77802
1.78347
1.78988
1.79692
1.80418
1.81125
1.81783
1.8237
1.82871
1.83284
1.83609
1.83853
1.84022
1.84125
1.84173
1.84171
1.8413
1.84054
1.83948
1.83818
1.83666
1.83493
1.833
1.83086
1.82851
1.82595
1.82316
1.82018
1.81706
1.8139
1.81084
1.80804
1.8057
1.80394
1.80285
1.80238
1.8024
1.80272
1.8031
1.80332
1.80321
1.80269
1.80174
1.80042
1.79886
1.79724
1.7958
1.79476
1.79429
1.7945
1.79535
1.79672
1.79839
1.80008
1.80152
1.80245
1.80269
1.80211
1.80065
1.79834
1.79528
1.79167
1.78776
1.7839
1.78044
1.77777
1.77619
1.7759
1.77696
1.77924
1.78249
1.78635
1.79044
1.79442
1.79802
1.80105
1.80339
1.80502
1.80592
1.80615
1.80577
1.80484
1.80343
1.80163
1.79952
1.79718
1.79467
1.79207
1.78945
1.78686
1.78433
1.7819
1.77962
1.7775
1.77562
1.77404
1.77286
1.77218
1.77206
1.77253
1.77355
1.77503
1.7768
1.77872
1.78061
1.78237
1.7839
1.78517
1.78618
1.78693
1.78745
1.78779
1.78797
1.78803
1.788
1.78791
1.78776
1.78758
1.78736
1.78709
1.78677
1.78637
1.78587
1.78523
1.78444
1.78347
1.78232
1.78099
1.77953
1.778
1.77648
1.77509
1.77394
1.77311
1.7727
1.77274
1.77321
1.77407
1.77523
1.77659
1.77802
1.77944
1.78077
1.78198
1.78305
1.78402
1.78494
1.78588
1.7869
1.78804
1.78932
1.79075
1.79228
1.79386
1.79541
1.79686
1.79813
1.79918
1.79996
1.80046
1.80069
1.80068
1.80048
1.80017
1.79981
1.79945
1.79913
1.79883
1.79852
1.79811
1.7975
1.7966
1.79534
1.79369
1.79171
1.78952
1.79795
1.7961
1.79488
1.79458
1.79538
1.79735
1.80035
1.80415
1.80841
1.81283
1.81712
1.8211
1.82466
1.82776
1.83041
1.83267
1.83458
1.83623
1.83769
1.83902
1.84029
1.84154
1.8428
1.84409
1.84542
1.84677
1.84811
1.84941
1.8506
1.85161
1.85234
1.85267
1.85249
1.85164
1.84999
1.84742
1.84387
1.83937
1.8342
1.82902
1.82502
1.82378
1.82661
1.83381
1.8442
1.85556
1.86546
1.87185
1.87323
1.86865
1.858
1.84275
1.82686
1.81614
1.81523
1.82419
1.83883
1.85416
1.86714
1.87688
1.8837
1.88832
1.89145
1.89365
1.89529
1.89662
1.89777
1.89877
1.89957
1.9001
1.90024
1.89989
1.89894
1.89738
1.89525
1.89266
1.88977
1.88673
1.88367
1.88066
1.87776
1.87504
1.87268
1.87089
1.86988
1.86979
1.87066
1.87238
1.87475
1.87754
1.88049
1.88336
1.88592
1.88795
1.88928
1.88976
1.88937
1.88817
1.88635
1.88419
1.88201
1.88016
1.87889
1.87838
1.87871
1.87983
1.88164
1.88394
1.88655
1.88927
1.89193
1.89441
1.8966
1.89848
1.9
1.90114
1.9019
1.90222
1.90206
1.90134
1.90002
1.89805
1.89542
1.89216
1.88834
1.88411
1.87967
1.87529
1.87125
1.86785
1.86535
1.8639
1.86351
1.86409
1.86542
1.86722
1.86922
1.87117
1.87286
1.87414
1.87492
1.87514
1.87478
1.87388
1.8725
1.87076
1.86884
1.86693
1.86523
1.8639
1.863
1.86249
1.86225
1.86214
1.86201
1.86176
1.86139
1.86095
1.86051
1.86017
1.85995
1.85981
1.85963
1.85924
1.85842
1.85691
1.85445
1.85079
1.8457
1.83904
1.83083
1.82134
1.81127
1.80173
1.79417
1.79
1.79001
1.79409
1.80121
1.80984
1.81855
1.82629
1.83245
1.83686
1.83956
1.84071
1.84052
1.83918
1.83691
1.83387
1.83026
1.82631
1.82227
1.81843
1.81509
1.81255
1.811
1.81058
1.81125
1.81289
1.81527
1.81814
1.82121
1.82423
1.827
1.82935
1.83114
1.8323
1.83275
1.83245
1.83141
1.82961
1.82712
1.82402
1.82044
1.8166
1.81277
1.80928
1.80648
1.80468
1.80412
1.80489
1.80692
1.81003
1.8139
1.81821
1.82264
1.82691
1.83086
1.83437
1.83741
1.83999
1.84215
1.84393
1.84541
1.8466
1.84754
1.84823
1.84866
1.84878
1.84854
1.84789
1.84675
1.84505
1.8427
1.83965
1.83587
1.83138
1.82627
1.82074
1.8151
1.80971
1.805
1.80131
1.79883
1.79759
1.79745
1.79817
1.79951
1.80128
1.80336
1.80566
1.80815
1.81077
1.81349
1.81625
1.81896
1.82157
1.82402
1.82626
1.82826
1.82999
1.83148
1.83273
1.83381
1.83476
1.83565
1.83653
1.83746
1.83843
1.83945
1.84047
1.84144
1.84231
1.84304
1.84359
1.84394
1.8441
1.8441
1.84396
1.84372
1.84345
1.8432
1.84303
1.843
1.8432
1.84365
1.84438
1.84536
1.84651
1.84767
1.84866
1.84922
1.8491
1.84805
1.84585
1.84236
1.83758
1.83163
1.82491
1.81798
1.81156
1.80632
1.80272
1.80089
1.80068
1.80176
1.80383
1.80664
1.81005
1.81395
1.81821
1.82267
1.82713
1.83145
1.83552
1.83932
1.84286
1.84619
1.84936
1.8524
1.8553
1.85804
1.86056
1.86278
1.8646
1.86594
1.86669
1.86679
1.86622
1.86499
1.86316
1.8608
1.85798
1.85477
1.85115
1.84708
1.84253
1.83758
1.83247
1.82769
1.82389
1.82171
1.82165
1.82386
1.82821
1.83432
1.84169
1.8497
1.85772
1.86515
1.87147
1.87631
1.87947
1.88084
1.88036
1.878
1.8737
1.86736
1.85896
1.8486
1.83684
1.82483
1.81433
1.80728
1.80488
1.80694
1.81202
1.81825
1.82417
1.82914
1.83317
1.83668
1.84014
1.84395
1.84827
1.85306
1.85816
1.8633
1.86822
1.87271
1.87655
1.87961
1.88177
1.88292
1.88303
1.88206
1.88006
1.8771
1.87338
