-5.31676
-5.28056
-5.22016
-5.13494
-5.02218
-4.88057
-4.70858
-4.50538
-4.27223
-4.00797
-3.71189
-3.38589
-3.03945
-2.6751
-2.3058
-1.94474
-1.60965
-1.31255
-1.06421
-0.87149
-0.734219
-0.652195
-0.616544
-0.615632
-0.646677
-0.695299
-0.753782
-0.81673
-0.877008
-0.932095
-0.979449
-1.01897
-1.05138
-1.07634
-1.09525
-1.10867
-1.11671
-1.1188
-1.11539
-1.10591
-1.08483
-1.05555
-1.01353
-0.963257
-0.906573
-0.845477
-0.785566
-0.727114
-0.676283
-0.635686
-0.607659
-0.590761
-0.58644
-0.59377
-0.611457
-0.635879
-0.664436
-0.694333
-0.722849
-0.746388
-0.762015
-0.772017
-0.775387
-0.772285
-0.763121
-0.751634
-0.738254
-0.726616
-0.718158
-0.713879
-0.715705
-0.723189
-0.739224
-0.759741
-0.783932
-0.810074
-0.835289
-0.85701
-0.877743
-0.893294
-0.906346
-0.917786
-0.928593
-0.937895
-0.949288
-0.958729
-0.970171
-0.980516
-0.989611
-0.996027
-0.998682
-0.997898
-0.992682
-0.983242
-0.972497
-0.961933
-0.947787
-0.93474
-0.923777
-0.916031
-0.911153
-0.908722
-0.906821
-0.903757
-0.897035
-0.887573
-0.875275
-0.855806
-0.834399
-0.808572
-0.77964
-0.748244
-0.709482
-0.665706
-0.616301
-0.565696
-0.512459
-0.461928
-0.415705
-0.379179
-0.352492
-0.335478
-0.330628
-0.33466
-0.345567
-0.360567
-0.377683
-0.395689
-0.41325
-0.432906
-0.454576
-0.476682
-0.501904
-0.529701
-0.560703
-0.594479
-0.629158
-0.663643
-0.695753
-0.724325
-0.752939
-0.779325
-0.80359
-0.828207
-0.84918
-0.866662
-0.87823
-0.885791
-0.887348
-0.883463
-0.87769
-0.865511
-0.855209
-0.848788
-0.845591
-0.852762
-0.868386
-0.896767
-0.935443
-0.981076
-1.03026
-1.08124
-1.1262
-1.16116
-1.1855
-1.19691
-1.19726
-1.18668
-1.16739
-1.14107
-1.10924
-1.0768
-1.04529
-1.01687
-0.993226
-0.974717
-0.963522
-0.956155
-0.95071
-0.94969
-0.9501
-0.949025
-0.947723
-0.943341
-0.938831
-0.930366
-0.92171
-0.91188
-0.901871
-0.894791
-0.890888
-0.893322
-0.90057
-0.911887
-0.928146
-0.94583
-0.964281
-0.980187
-0.991854
-0.999354
-1.00205
-1.00133
-0.997237
-0.99215
-0.983826
-0.976362
-0.971425
-0.968925
-0.966193
-0.964503
-0.963113
-0.96112
-0.957143
-0.9519
-0.942758
-0.930786
-0.91642
-0.899946
-0.881901
-0.863839
-0.846964
-0.829711
-0.812669
-0.796845
-0.780953
-0.760308
-0.736985
-0.711935
-0.68609
-0.662807
-0.645968
-0.63818
-0.638421
-0.644809
-0.65656
-0.670369
-0.688108
-0.711035
-0.735869
-0.767101
-0.806822
-0.855972
-0.91122
-0.96885
-1.0259
-1.07737
-1.12054
-1.15181
-1.16771
-1.17092
-1.15917
-1.13507
-1.10253
-1.06283
-1.0198
-0.978187
-0.939638
-0.905824
-0.876756
-0.851397
-0.830737
-0.814582
-0.80407
-0.798957
-0.798155
-0.802939
-0.810407
-0.819296
-0.830327
-0.836925
-0.842306
-0.846323
-0.853372
-0.861229
-0.873835
-0.895217
-0.922608
-0.951822
-0.982728
-1.01184
-1.03722
-1.05766
-1.07111
-1.07721
-1.07872
-1.07394
-1.06179
-1.04078
-1.01441
-0.983966
-0.947445
-0.908969
-0.868705
-0.82733
-0.78868
-0.753462
-0.725022
-0.700588
-0.68162
-0.667801
-0.659711
-0.654777
-0.654913
-0.659673
-0.671986
-0.688519
-0.711034
-0.737605
-0.764394
-0.788109
-0.807397
-0.823631
-0.839649
-0.856611
-0.877799
-0.903313
-0.932478
-0.955533
-0.969533
-0.968689
-0.957301
-0.940225
-0.919665
-0.90176
-0.891674
-0.888773
-0.894735
-0.906821
-0.925913
-0.945387
-0.963537
-0.976667
-0.982697
-0.980219
-0.970891
-0.954197
-0.933261
-0.911146
-0.890605
-0.869914
-0.85637
-0.846785
-0.846445
-0.851106
-0.862536
-0.880738
-0.903835
-0.928364
-0.957937
-0.988298
-1.01718
-1.0447
-1.06942
-1.08986
-1.10505
-1.11675
-1.12495
-1.12898
-1.13042
-1.12992
-1.12708
-1.12499
-1.12193
-1.11828
-1.11081
-1.10111
-1.08848
-1.06904
-1.04506
-1.01584
-0.981141
-0.942855
-0.903673
-0.86434
-0.823316
-0.782064
-0.74094
-0.696337
-0.650055
-0.600647
-0.549205
-0.497394
-0.447417
-0.407909
-0.385237
-0.38328
-0.401383
-0.43773
-0.490682
-0.551684
-0.617644
-0.685028
-0.750019
-0.8079
-0.856433
-0.894015
-0.920786
-0.937353
-0.945438
-0.946192
-0.506159
-0.450526
-0.367193
-0.259745
-0.130284
0.0160269
0.169138
0.325291
0.474434
0.61127
0.727965
0.822205
0.897338
0.960456
1.01582
1.06546
1.11116
1.14508
1.16272
1.15475
1.12025
1.06328
0.988296
0.907413
0.832221
0.771185
0.731364
0.718352
0.734918
0.776862
0.843122
0.920669
1.00311
1.07896
1.13567
1.16787
1.17008
1.14413
1.09627
1.0349
0.968323
0.898396
0.831682
0.768812
0.707444
0.647005
0.587345
0.534408
0.492128
0.469082
0.471963
0.50642
0.566453
0.644009
0.728795
0.808746
0.880559
0.938504
0.984756
1.0235
1.04977
1.06682
1.0753
1.07899
1.08321
1.09084
1.10319
1.11765
1.1334
1.14858
1.15612
1.1571
1.15018
1.13704
1.11505
1.09052
1.06408
1.03709
1.01348
0.992293
0.979939
0.980512
0.994019
1.02225
1.06688
1.12416
1.19033
1.25918
1.32174
1.36892
1.39167
1.38774
1.35646
1.30675
1.2466
1.18521
1.1349
1.10144
1.09004
1.09638
1.11581
1.14523
1.17865
1.21207
1.23956
1.26363
1.28016
1.29238
1.30643
1.32518
1.34885
1.37037
1.38133
1.37273
1.34356
1.30054
1.25337
1.20828
1.17799
1.16156
1.16315
1.17832
1.20681
1.24204
1.28293
1.32801
1.3703
1.40991
1.44562
1.47937
1.51145
1.54459
1.57042
1.59189
1.60082
1.59291
1.56286
1.51225
1.4423
1.36112
1.27836
1.20115
1.13827
1.0943
1.07041
1.06575
1.07815
1.10158
1.13009
1.15737
1.17623
1.18707
1.18649
1.17636
1.16118
1.14098
1.12531
1.11885
1.12464
1.14392
1.17273
1.21121
1.25595
1.3059
1.35566
1.40416
1.44457
1.47747
1.49741
1.50262
1.49619
1.47582
1.44684
1.41026
1.3732
1.33642
1.30646
1.28792
1.28295
1.28905
1.30191
1.32023
1.33713
1.34712
1.34714
1.33849
1.32334
1.30378
1.27771
1.24735
1.21326
1.17784
1.14785
1.12693
1.12135
1.13187
1.15849
1.19355
1.23343
1.27754
1.3225
1.36894
1.41069
1.44517
1.46945
1.48542
1.49555
1.49962
1.49884
1.49779
1.49207
1.48513
1.47742
1.46892
1.46074
1.45233
1.44468
1.43386
1.42178
1.40524
1.38638
1.36809
1.35592
1.34925
1.34986
1.35553
1.36367
1.36999
1.3756
1.37751
1.37213
1.36266
1.34869
1.33187
1.31363
1.29405
1.27401
1.25104
1.22673
1.20009
1.17157
1.14398
1.11613
1.08704
1.05736
1.02332
0.982525
0.936351
0.879432
0.816417
0.754365
0.696928
0.650439
0.618493
0.603147
0.608872
0.634918
0.684406
0.749454
0.833412
0.928128
1.03068
1.13691
1.24133
1.33977
1.42687
1.49969
1.55207
1.58689
1.59794
1.59123
1.56652
1.52712
1.47762
1.42276
1.36661
1.31288
1.266
1.22364
1.18574
1.15264
1.126
1.10793
1.09736
1.091
1.0878
1.08526
1.08519
1.09333
1.11467
1.15034
1.20038
1.25253
1.29533
1.31734
1.30966
1.27358
1.21007
1.13037
1.04375
0.963561
0.901816
0.866759
0.862572
0.882376
0.919259
0.96048
0.995622
1.0188
1.02591
1.01806
1.00272
0.98375
0.969498
0.965307
0.97356
0.99431
1.02665
1.06218
1.09544
1.11582
1.11152
1.07853
1.01497
0.930065
0.833666
0.742821
0.670454
0.628084
0.621768
0.651207
0.718115
0.818358
0.945742
1.09079
1.23635
1.36606
1.4649
1.5191
1.52118
1.47209
1.38526
1.27462
1.15551
1.04347
0.95045
0.881312
0.84327
0.829578
0.840317
0.872329
0.922104
0.982606
1.04697
1.10868
1.16773
1.21361
1.24567
1.26372
1.26968
1.26679
1.25908
1.24631
1.23185
1.21364
1.19228
1.16813
1.14223
1.11644
1.09232
1.0705
1.04769
1.02782
1.01094
0.999348
0.998816
1.00809
1.02982
1.0596
1.09893
1.1474
1.20271
1.26071
1.31895
1.37183
1.41241
1.43673
1.44808
1.44866
1.44339
1.43396
1.42798
1.42896
1.43412
1.43976
1.43854
1.42043
1.38303
1.32922
1.26991
1.42043
1.39444
1.40502
1.4481
1.51218
1.58573
1.64755
1.68627
1.69833
1.69177
1.68346
1.68268
1.70419
1.74902
1.811
1.88142
1.94635
1.99858
2.03604
2.05742
2.07046
2.08365
2.10249
2.12695
2.1542
2.18337
2.20754
2.22127
2.22109
2.19974
2.1588
2.10654
2.05205
2.00878
1.98289
1.97674
1.97932
1.97047
1.94113
1.88563
1.79995
1.69298
1.5758
1.45228
1.33567
1.23939
1.17855
1.16131
1.19211
1.27292
1.39584
1.54927
1.71767
1.88012
2.02063
2.11645
2.16546
2.17239
2.14257
2.08979
2.02188
1.94746
1.87568
1.80996
1.75467
1.71112
1.67722
1.65357
1.63233
1.61177
1.58871
1.5642
1.54017
1.52607
1.5257
1.54816
1.59662
1.66454
1.74607
1.82553
1.8919
1.93688
1.95784
1.96252
1.95815
1.95073
1.94255
1.93804
1.94234
1.95678
1.98063
2.00487
2.00514
1.96692
1.89233
1.80862
1.74116
1.70078
1.68482
1.69481
1.72323
1.76417
1.81348
1.86177
1.90376
1.94171
1.97934
2.01867
2.06323
2.10519
2.13207
2.13112
2.09444
2.02053
1.92071
1.80759
1.69623
1.59455
1.51175
1.44854
1.4019
1.37259
1.35419
1.34425
1.34011
1.33914
1.34099
1.34414
1.35375
1.36831
1.38924
1.41613
1.44091
1.46398
1.48541
1.50285
1.5223
1.54446
1.57207
1.60504
1.6382
1.66489
1.67941
1.67838
1.6667
1.64761
1.62761
1.61489
1.61853
1.63719
1.67088
1.7171
1.7673
1.81572
1.8538
1.87884
1.88586
1.87605
1.84933
1.81109
1.769
1.72714
1.69434
1.67738
1.67171
1.66858
1.66144
1.64164
1.60747
1.56043
1.51256
1.47202
1.44494
1.43181
1.42583
1.41864
1.40149
1.37656
1.34943
1.32881
1.32091
1.32429
1.34179
1.36714
1.39317
1.41559
1.43291
1.44077
1.44125
1.43579
1.42924
1.42191
1.42139
1.42745
1.44657
1.48221
1.53351
1.60042
1.67734
1.75444
1.82142
1.87232
1.90187
1.90575
1.89125
1.86364
1.83022
1.79469
1.75935
1.72429
1.68949
1.6501
1.60893
1.57441
1.5511
1.54631
1.56337
1.60791
1.67313
1.75144
1.83497
1.91048
1.96891
2.00012
1.99947
1.96413
1.90319
1.81879
1.72176
1.61594
1.51019
1.41167
1.32926
1.26914
1.23446
1.22966
1.24943
1.28967
1.33994
1.39186
1.43603
1.47107
1.49801
1.52231
1.54448
1.5716
1.60691
1.65027
1.69442
1.73495
1.76885
1.79776
1.82197
1.84285
1.85764
1.85882
1.845
1.81509
1.77182
1.71187
1.64166
1.56231
1.47999
1.40156
1.33913
1.29422
1.27363
1.28048
1.31113
1.36428
1.43904
1.5261
1.62479
1.73146
1.84258
1.95553
2.0704
2.18674
2.293
2.38411
2.44971
2.48784
2.49585
2.47446
2.42448
2.3491
2.25318
2.14578
2.03931
1.94603
1.8759
1.83629
1.83244
1.86192
1.9172
1.994
2.08147
2.17512
2.26985
2.35812
2.43351
2.48722
2.51914
2.52543
2.51042
2.4835
2.45221
2.42585
2.41462
2.42462
2.45248
2.49422
2.54291
2.58836
2.62302
2.64481
2.65307
2.64679
2.63166
2.60618
2.57289
2.53073
2.48351
2.43369
2.38771
2.34356
2.3039
2.25816
2.20609
2.14355
2.07514
2.00569
1.93918
1.88076
1.83041
1.7901
1.75562
1.72992
1.71097
1.70118
1.69771
1.70222
1.70887
1.71634
1.72516
1.73433
1.74723
1.76512
1.79262
1.83164
1.87969
1.93344
1.99167
2.04557
2.09229
2.13497
2.17818
2.22637
2.28493
2.35845
2.45065
2.55262
2.64837
2.71793
2.73893
2.69939
2.609
2.48353
2.343
2.21087
2.09958
2.01717
1.96704
1.94893
1.95439
1.97502
2.00381
2.03331
2.05523
2.06727
2.06644
2.04945
2.01874
1.98033
1.93549
1.89496
1.8593
1.8296
1.80654
1.78858
1.77609
1.77043
1.7729
1.78305
1.80252
1.82304
1.84103
1.85122
1.85278
1.84649
1.88483
1.87741
1.86982
1.85955
1.8472
1.83086
1.81697
1.80965
1.82167
1.85722
1.91905
2.00319
2.10408
2.20445
2.29212
2.35559
2.39251
2.4038
2.40152
2.39618
2.39452
2.40027
2.41463
2.42799
2.43469
2.42335
2.39592
2.35178
2.29885
2.2479
2.20501
2.16775
2.1297
2.09459
2.05983
2.02822
2.00322
1.99254
1.99298
2.00715
2.03159
2.06498
2.10788
2.15877
2.21616
2.27667
2.33391
2.3777
2.3975
2.39278
2.35688
2.29595
2.21587
2.12754
2.04611
1.97951
1.93063
1.89855
1.88208
1.87537
1.88244
1.90203
1.93916
1.99384
2.06678
2.15312
2.24637
2.33487
2.41022
2.46287
2.49305
2.50895
2.52368
2.54507
2.57951
2.62353
2.66959
2.7038
2.72027
2.70683
2.6621
2.59596
2.51413
2.42716
2.33857
2.25706
2.17921
2.1102
2.05481
2.01255
1.98423
1.96522
1.95486
1.95159
1.95312
1.95436
1.9594
1.97229
1.9999
2.04762
2.11428
2.19773
2.28587
2.36657
2.4249
2.44576
2.4216
2.34331
2.22267
2.07511
1.92692
1.78995
1.68098
1.60899
1.57809
1.58616
1.63001
1.70426
1.79779
1.89883
1.99533
2.08174
2.15794
2.22331
2.27806
2.32099
2.35125
2.36872
2.37456
2.37367
2.36724
2.34831
2.31758
2.2728
2.21097
2.14279
2.07047
1.99965
1.9386
1.89389
1.87264
1.88161
1.91747
1.96859
2.01312
2.02706
1.99682
1.92454
1.82673
1.72734
1.64324
1.58511
1.5597
1.5648
1.59259
1.6364
1.68715
1.74001
1.79403
1.84807
1.90344
1.95702
2.01553
2.0766
2.14109
2.20306
2.25103
2.27655
2.26799
2.2253
2.15235
2.05757
1.95001
1.83885
1.72955
1.6237
1.52651
1.44128
1.37496
1.3408
1.35004
1.40786
1.50562
1.6343
1.77577
1.91321
2.03085
2.11563
2.16493
2.17809
2.15769
2.11243
2.05062
1.98505
1.9236
1.87586
1.8468
1.83681
1.84638
1.87073
1.90569
1.94465
1.97761
1.99668
1.99722
1.98435
1.96666
1.95407
1.95262
1.96169
1.98001
1.99892
2.01144
2.00866
1.98868
1.94971
1.89774
1.84776
1.80768
1.78315
1.78107
1.79779
1.83166
1.88115
1.94186
2.00812
2.08035
2.1487
2.20675
2.25066
2.27424
2.2738
2.25428
2.21668
2.17039
2.11814
2.06762
2.02134
1.98615
1.96717
1.9627
1.96839
1.97514
1.96923
1.94397
1.90135
1.85618
1.82376
1.81587
1.83434
1.8725
1.92174
1.9739
2.02681
2.08126
2.13986
2.20762
2.2831
2.36728
2.45051
2.5247
2.58603
2.63763
2.68154
2.7238
2.76995
2.82393
2.88794
2.96417
3.0506
3.14012
3.22366
3.28655
3.32263
3.32411
3.29548
3.24307
3.1713
3.08452
2.98853
2.88514
2.78477
2.69323
2.61936
2.56613
2.53423
2.52035
2.52324
2.53458
2.54578
2.55292
2.5544
2.54993
2.54067
2.52594
2.5066
2.4772
2.43249
2.37677
2.31099
2.24747
2.19332
2.15683
2.14389
2.15461
2.18671
2.22986
2.2747
2.31212
2.33379
2.33799
2.32436
2.29443
2.25065
2.19579
2.13346
2.06796
2.00027
1.93353
1.86612
1.80068
1.73793
1.68298
1.64521
1.63357
1.65406
1.71059
1.80678
1.93693
2.09504
2.27437
2.46266
2.64754
2.82037
2.96688
3.07727
3.15108
3.1881
3.18943
3.15547
3.07983
2.96573
2.82622
2.68245
2.55103
2.44473
2.36543
2.3216
2.31175
2.33698
2.39146
2.46339
2.54475
2.61678
2.66514
2.68644
2.68281
2.66977
2.6545
2.64248
2.64129
2.65368
2.68182
2.72258
2.77293
2.82379
2.86452
2.87872
2.85053
2.76093
2.61281
2.42824
2.24257
2.08281
1.95757
1.86738
1.80686
1.77304
1.76184
1.77496
1.81573
1.88312
1.97506
2.08427
2.19259
2.29046
2.36821
2.423
2.45202
2.44996
2.41041
2.34082
2.24759
2.14279
2.04071
1.9577
1.90628
1.8945
1.92125
1.97196
2.06115
2.12438
2.17968
2.22793
2.26924
2.3021
2.32592
2.34479
2.35655
2.36468
2.36951
2.37309
2.37414
2.3727
2.36998
2.36809
2.36549
2.36405
2.36232
2.36137
2.35148
2.33364
2.30591
2.27246
2.23938
2.20945
2.18261
2.15871
2.13749
2.11489
2.08867
2.06065
2.0331
2.01252
1.99873
1.98888
1.97838
1.95951
1.93287
1.89848
1.85941
1.82249
1.79376
1.77792
1.77489
1.78549
1.80572
1.83852
1.87914
1.93103
1.99347
2.0642
2.14147
2.21832
2.28587
2.33354
2.35038
2.32845
2.27996
2.21134
2.13319
2.05706
1.98399
1.91738
1.86016
1.81239
1.77186
1.74091
1.72326
1.7192
1.72964
1.74699
1.76207
1.76675
1.75201
1.71957
1.6769
1.63413
1.59782
1.57254
1.55783
1.55635
1.56315
1.5696
1.57788
1.58355
1.59291
1.61221
1.6495
1.7137
1.80465
1.91217
2.02025
2.11566
2.18575
2.22546
2.25109
2.28384
2.33348
2.40709
2.49332
2.57998
2.64777
2.68736
2.68748
2.64958
2.57651
2.47854
2.36641
2.2575
2.16246
2.08647
2.03233
1.99399
1.97423
1.96398
1.96318
1.97029
1.9894
2.02215
2.07001
2.12762
2.18806
2.24144
2.27891
2.30092
2.30823
2.30495
2.28788
2.25802
2.20808
2.14146
2.0593
1.97177
1.88797
1.81734
1.77151
1.75875
1.78685
1.85671
1.96407
2.09478
2.23756
2.37505
2.48932
2.56433
2.59351
2.57235
2.5149
2.43479
2.34797
2.27011
2.21005
2.17249
2.15656
2.1587
2.17542
2.20392
2.24435
2.29473
2.34971
2.40003
2.43765
2.46178
2.46965
2.46955
2.47064
2.47909
2.50005
2.52771
2.56079
2.59246
2.61959
2.63764
2.63936
2.61673
2.57145
2.50066
2.41388
2.31902
2.23411
2.16717
2.12156
2.09017
2.07093
2.05376
2.03307
2.01049
1.9873
1.97213
1.97419
1.99632
2.03839
2.10288
2.18858
2.28781
2.38478
2.46506
2.51153
2.51511
2.47718
2.4097
2.33857
2.27848
2.24243
2.23643
2.25795
2.30314
2.36117
2.42326
2.47703
2.5166
2.5432
2.56222
2.58156
2.6061
2.63724
2.67228
2.71154
2.76035
2.8142
2.86805
2.91462
2.943
2.94014
2.90762
2.84666
2.76389
2.66566
2.56486
2.47022
2.3876
2.32152
2.27386
2.24412
2.23197
2.22864
2.22362
2.20734
2.17261
2.11759
2.05345
1.99863
1.96022
1.94139
1.93657
1.93859
1.93645
1.93049
1.92086
1.91312
1.9114
1.91751
1.93226
1.95768
1.99727
2.05141
2.12327
2.20905
2.30152
2.38245
2.43674
2.45425
2.43596
2.39179
2.34095
2.30104
2.2823
2.29122
2.32684
2.38135
2.44495
2.50922
2.56121
2.59313
2.60532
2.59832
2.57493
2.54218
2.51085
2.48929
2.48818
2.51382
2.56966
2.64971
2.74119
2.82115
2.87225
2.87818
2.82867
2.73167
2.60244
2.46186
2.33264
2.22525
2.14832
2.10584
2.09749
2.11818
2.16451
2.22158
2.27233
2.29701
2.28748
2.2457
2.18456
2.10483
2.01184
1.90638
1.79117
1.67203
1.55794
1.46205
1.39931
1.37314
1.39034
1.44297
1.52197
1.61618
1.70892
1.7924
1.8629
1.91693
1.95764
1.98245
1.99
1.9843
1.96973
1.9515
1.93014
1.90311
1.8729
1.84729
1.82753
1.81132
1.79117
1.7597
1.7135
1.6593
1.60552
1.56911
1.55577
1.57323
1.61268
1.67674
1.75092
1.8266
1.89379
1.94688
1.98248
1.99788
1.99658
1.98017
1.95468
1.92368
1.89643
1.87673
1.87467
1.89556
1.93441
1.98241
2.0264
2.0587
2.08041
2.09788
2.12199
2.15165
2.18485
2.21968
2.24744
2.25431
2.23233
2.1783
2.09448
1.99286
1.89334
1.81347
1.76742
1.75649
1.77939
1.82953
1.89893
1.97708
2.05062
2.10839
2.1453
2.15594
2.1411
2.11374
2.0823
2.05262
2.03846
2.04506
2.07608
2.13014
2.19956
2.27378
2.34211
2.40084
2.4498
2.53358
2.5698
2.60302
2.62337
2.63325
2.6299
2.61751
2.59769
2.57399
2.54956
2.52369
2.50074
2.47689
2.45087
2.41728
2.37943
2.3407
2.30919
2.29351
2.29611
2.3163
2.34765
2.38482
2.41233
2.42152
2.40506
2.36782
2.31731
2.26996
2.23165
2.21287
2.21221
2.22912
2.26321
2.3141
2.38674
2.48083
2.5941
2.71394
2.8289
2.91874
2.97132
2.9823
2.94931
2.88387
2.79862
2.70435
2.61465
2.53859
2.48354
2.45756
2.46726
2.51626
2.59987
2.71468
2.85731
3.01847
3.17645
3.31354
3.4024
3.42558
3.37988
3.27325
3.12344
2.9605
2.80201
2.6693
2.56631
2.49388
2.44782
2.4195
2.40421
2.39548
2.38725
2.37718
2.36643
2.35332
2.33693
2.31631
2.29216
2.26699
2.24155
2.22072
2.20889
2.21077
2.22747
2.26196
2.31004
2.37212
2.43942
2.50185
2.55166
2.58425
2.59102
2.57634
2.54137
2.49501
2.44373
2.39118
2.34527
2.30657
2.27901
2.26247
2.26693
2.28862
2.33151
2.39025
2.4588
2.52898
2.58915
2.62711
2.63672
2.61631
2.56952
2.50288
2.42468
2.33988
2.25007
2.16131
2.08554
2.03309
2.01028
2.01994
2.05495
2.10978
2.16941
2.23646
2.30805
2.38402
2.46035
2.53328
2.59259
2.62755
2.63891
2.6262
2.60133
2.5769
2.55833
2.55411
2.56421
2.59043
2.63515
2.69529
2.76531
2.83511
2.89594
2.93246
2.94156
2.91968
2.87122
2.80508
2.73113
2.65121
2.56773
2.4834
2.39369
2.30226
2.20957
2.12284
2.04911
1.99908
1.97844
1.99346
2.03736
2.09893
2.1598
2.21013
2.23781
2.24176
2.22634
2.19678
2.15872
2.12356
2.09953
2.09141
2.10165
2.12781
2.16645
2.21484
2.26969
2.32394
2.37465
2.41601
2.44683
2.46649
2.47613
2.48554
2.50204
2.53398
2.58412
2.65287
2.72991
2.79826
2.847
2.87478
2.88447
2.88004
2.86378
2.83313
2.7968
2.75094
2.70934
2.67003
2.63877
2.60982
2.58245
2.54787
2.4947
2.42057
2.33468
2.25337
2.19329
2.16259
2.16656
2.19978
2.24837
2.28599
2.28898
2.25703
2.21049
2.17151
2.15058
2.14644
2.15858
2.18181
2.21879
2.2709
2.33349
2.40621
2.48065
2.54907
2.59879
2.6186
2.59936
2.53982
2.4467
2.33463
2.21945
2.12486
2.05929
2.02809
2.03071
2.06107
2.11547
2.18018
2.24744
2.30333
2.33767
2.34849
2.33537
2.30642
2.26902
2.22483
2.1805
2.14114
2.11547
2.10351
2.10735
2.12735
2.16069
2.20022
2.24139
2.28029
2.30547
2.31395
2.30132
2.26903
2.22111
2.16072
2.09295
2.02337
1.95721
1.89859
1.84845
1.80867
1.7832
1.77432
1.78403
1.81212
1.85429
1.90011
1.93897
1.95476
1.94326
1.91242
1.8815
1.87505
1.90653
1.96583
2.02113
2.04017
2.0167
1.96431
1.9053
1.85441
1.82242
1.81342
1.83212
1.87264
1.92378
1.97223
2.00746
2.01614
1.99018
1.9324
1.84797
1.75389
1.66481
1.59984
1.56593
1.57127
1.61553
1.69565
1.81164
1.9475
2.08897
2.20938
2.29902
2.36689
2.42753
2.49864
2.58224
2.6692
2.74309
2.7909
2.79828
2.76223
2.69304
2.60209
2.50256
2.40797
2.33224
2.27428
2.24478
2.24328
2.27112
2.32441
2.39159
2.45921
2.50884
2.526
2.50813
2.46362
2.40215
2.33127
2.25529
2.17448
2.0939
2.02645
1.97967
1.9661
1.98268
2.02447
2.08411
2.15059
2.21425
2.26763
2.3063
2.33974
2.37538
2.41884
2.47206
2.53082
2.58352
2.61884
2.62749
2.60523
2.55365
2.48369
2.40298
2.32488
2.25722
2.2056
2.17832
2.18351
2.21906
2.28081
2.36221
2.44668
2.51683
2.55933
2.57223
2.5559
2.51859
2.46565
2.40491
2.34104
2.28157
2.23038
2.19131
2.16552
2.15463
2.14766
2.13649
2.11831
2.08905
2.04996
2.00682
1.96585
1.93531
1.868
1.86114
1.86157
1.86308
1.86488
1.85838
1.84277
1.8142
1.77641
1.73437
1.69419
1.66659
1.65928
1.68289
1.7394
1.82938
1.9457
2.06949
2.18273
2.26529
2.30854
2.31256
2.29099
2.25355
2.20796
2.15761
2.10041
2.04212
1.98489
1.93284
1.88827
1.85536
1.83726
1.83343
1.84726
1.87197
1.90107
1.9263
1.94207
1.95261
1.964
1.98287
2.00839
2.03709
2.06442
2.0857
2.10836
2.13728
2.17361
2.22707
2.29885
2.38968
2.50424
2.63151
2.75893
2.87717
2.97751
3.05594
3.10064
3.10746
3.06758
2.9864
2.87705
2.74751
2.60497
2.45214
2.29023
2.12085
1.95494
1.80361
1.67911
1.58949
1.54213
1.53254
1.55816
1.61012
1.67473
1.7335
1.7694
1.7733
1.7454
1.69955
1.65197
1.61534
1.60316
1.62197
1.6719
1.74967
1.84822
1.95627
2.05786
2.14292
2.20288
2.23495
2.25148
2.26106
2.2751
2.2903
2.30594
2.32106
2.34063
2.35793
2.37799
2.39752
2.4147
2.42826
2.43243
2.42589
2.40341
2.3612
2.30442
2.23735
2.16649
2.10118
2.04746
2.01201
2.00485
2.02305
2.06084
2.10624
2.14282
2.15862
2.1517
2.12875
2.09915
2.07064
2.05109
2.03879
2.03255
2.02624
2.01222
1.98458
1.94192
1.88707
1.82381
1.75582
1.68821
1.62887
1.58596
1.56472
1.56933
1.60492
1.66253
1.72811
1.78846
1.82947
1.8407
1.82757
1.79506
1.75642
1.72138
1.70005
1.69582
1.70752
1.7339
1.76895
1.81233
1.85808
1.90228
1.93876
1.96146
1.97213
1.97285
1.9703
1.96405
1.95037
1.92908
1.89986
1.87956
1.88519
1.92415
2.00155
2.09795
2.1941
2.25778
2.27452
2.23966
2.16964
2.09184
2.02965
2.00049
2.00787
2.0503
2.11991
2.2066
2.29877
2.39063
2.47716
2.55285
2.61208
2.65842
2.69078
2.71197
2.72224
2.72784
2.72882
2.72482
2.71333
2.69238
2.65694
2.60583
2.54644
2.48061
2.41211
2.34789
2.29828
2.27526
2.29189
2.34559
2.42397
2.49728
2.53833
2.53777
2.50384
2.46176
2.42428
2.40113
2.39983
2.41647
2.45184
2.50433
2.5645
2.62399
2.66782
2.68726
2.68315
2.65522
2.60992
2.54632
2.46635
2.37893
2.29954
2.23764
2.20135
2.19014
2.19535
2.2096
2.22524
2.23684
2.24435
2.24731
2.25103
2.25396
2.25611
2.2557
2.25131
2.24667
2.24016
2.2383
2.24427
2.25714
2.27497
2.29341
2.30698
2.3135
2.31326
2.30441
2.29301
2.2783
2.268
2.25706
2.24576
2.23563
2.2248
2.213
2.20403
2.18949
2.16394
2.12308
2.06427
1.98414
1.8908
1.79273
1.69819
1.62036
1.5689
1.54281
1.54203
1.56021
1.58839
1.62471
1.66501
1.71533
1.77991
1.86882
1.98033
2.11102
2.24642
2.37163
2.46844
2.52943
2.55407
2.54677
2.51227
2.4575
2.39734
2.33997
2.29543
2.26962
2.26461
2.28096
2.31193
2.35048
2.3865
2.41568
2.43757
2.45632
2.4773
2.50359
2.53774
2.57923
2.62009
2.6564
2.67923
2.68464
2.6715
2.64154
2.59479
2.53269
2.45794
2.37746
2.29502
2.21768
2.15576
2.11956
2.1097
2.13278
2.1791
2.2443
2.31047
2.35967
2.38153
2.37365
2.34036
2.29811
2.25942
2.23396
2.21813
2.20861
2.1954
2.1698
2.12986
2.07807
2.01791
1.95268
1.8818
1.80957
1.73791
1.6783
1.6395
1.62865
1.64668
1.68767
1.74304
1.80068
1.85694
1.91132
1.96953
2.03463
2.105
2.18259
2.25974
2.33311
2.39965
2.45128
2.48551
2.50262
2.50212
2.48499
2.45768
2.42514
2.38859
2.35781
2.33706
2.32629
2.32603
2.33662
2.35445
2.37925
2.41078
2.44953
2.49619
2.54812
2.59804
2.63802
2.6565
2.65417
2.63288
2.60734
2.5908
2.59161
2.61229
2.64541
2.67693
2.69591
2.69161
2.65446
2.58151
2.4803
2.36487
2.27607
2.17824
2.10496
2.05862
2.03666
2.04101
2.06929
2.12091
2.19121
2.2742
2.36495
2.45252
2.52998
2.58344
2.60389
2.59242
2.54978
2.48783
2.42076
2.3623
2.31969
2.29476
2.2931
2.3089
2.33832
2.37594
2.41938
2.4586
2.49582
2.52643
2.54676
2.55859
2.55499
2.5405
2.51664
2.48969
2.46702
2.45216
2.45366
2.46972
2.50334
2.54882
2.59614
2.62979
2.632
2.59532
2.5324
2.46275
2.39584
2.3353
2.27551
2.22619
2.19724
2.19705
2.22249
2.25704
2.27936
2.28871
2.29153
2.29687
2.31486
2.33899
2.36552
2.38844
2.40999
2.43135
2.45514
2.47584
2.48741
2.48564
2.46952
2.4522
2.44951
2.46702
2.51043
2.57724
2.66306
2.76423
2.87025
2.96876
3.04504
3.08281
3.07922
3.03374
2.95311
2.84669
2.73409
2.62935
2.54246
2.48085
2.43906
2.40676
2.37147
2.32926
2.28586
2.24912
2.2242
2.21273
2.21388
2.22286
2.23576
2.24088
2.22703
2.19188
2.13667
2.06389
1.98214
1.89949
1.82209
1.75478
1.69767
1.6529
1.6236
1.60905
1.60656
1.61706
1.6349
1.65424
1.67783
1.70019
1.7221
1.74074
1.75749
1.77405
1.79549
1.82725
1.87289
1.93031
1.99045
2.04705
2.0931
2.12702
2.14742
2.15751
2.1596
2.16011
2.16219
2.1739
2.19963
2.24401
2.3057
2.37866
2.45227
2.50847
2.52834
2.49712
2.41072
2.28022
2.12421
1.96857
1.83367
1.73312
1.67054
1.6486
1.66567
1.71446
1.78008
1.85379
1.92353
1.97996
2.0151
2.0239
2.00172
1.95485
1.89452
1.83023
1.77504
1.73519
1.71059
1.7021
1.70888
1.72526
1.75106
1.78601
1.82635
1.8708
1.91782
1.96865
2.01687
2.06706
2.12049
2.17512
2.23262
2.29236
2.35672
2.42635
2.50212
2.57854
2.64874
2.70558
2.74096
2.75008
2.73386
2.69354
2.62383
2.5294
2.41153
2.27881
2.14788
2.0404
1.96623
1.92819
1.9273
1.95691
2.00725
2.06885
2.12455
2.15848
2.16203
2.13436
2.08376
2.01903
1.95449
1.90069
1.86425
1.85059
1.85661
1.88471
1.9299
1.98803
2.05753
2.12863
2.19629
2.25475
2.30381
2.34033
2.37206
2.4043
2.44076
2.48881
2.54121
2.58839
2.61258
2.59489
2.52969
2.433
2.3309
2.24376
2.17812
2.1353
2.11089
2.09786
2.089
2.08199
2.07215
2.0612
2.04949
2.04041
2.04034
2.04997
2.06402
2.07881
2.08528
2.07457
2.04084
1.98138
1.90296
1.81261
1.72448
1.65018
1.59726
1.57221
1.58138
1.62523
1.69822
1.79324
1.9006
2.01213
2.12911
2.25771
2.39848
2.55561
2.71521
2.86647
2.99383
3.09406
3.15821
3.18754
3.17895
3.13246
3.05172
2.94491
2.81457
2.67234
2.52795
2.3891
2.26081
2.1484
2.05402
1.98178
1.93482
1.90798
1.88911
1.87067
1.84384
1.8066
1.76598
1.7269
1.69532
1.67914
1.68278
1.70575
1.74575
1.80343
1.86898
1.9335
1.98609
2.02514
2.0523
2.07082
2.08421
2.10055
2.12109
2.15471
2.20345
2.2679
2.34925
2.44087
2.53672
2.62643
2.69846
2.75089
2.77943
2.78498
2.76894
2.73576
2.68559
2.61941
2.5401
2.4513
2.3617
2.27395
2.19459
2.12596
2.07402
2.03937
2.03387
2.06111
2.12345
2.21649
2.32951
2.44649
2.55222
2.63039
2.67195
2.6763
2.6516
2.60494
2.5474
2.48386
2.41522
2.34124
2.26244
2.18626
2.11566
2.05669
2.01338
1.98297
1.9676
1.96578
1.97559
1.99394
2.01752
2.04386
2.07152
2.0982
2.12516
2.14535
2.15337
2.14153
2.10388
2.04752
1.98623
1.9385
1.90557
1.88184
1.85654
1.81908
1.77329
1.7279
1.69107
1.67571
1.68672
1.72817
1.79893
1.88879
1.97693
2.04879
2.09587
2.12109
2.13622
2.14899
2.16263
2.17616
2.1869
2.19466
2.19588
2.19118
2.17937
2.16055
2.10401
2.06797
2.02612
1.98693
1.9529
1.92817
1.92023
1.92769
1.95104
1.98401
2.02312
2.06071
2.09043
2.10875
2.11466
2.10701
2.09055
2.0681
2.04
2.00411
1.95874
1.89786
1.81847
1.72817
1.63031
1.53643
1.4588
1.40358
1.37636
1.37879
1.41216
1.47626
1.5676
1.68454
1.81849
1.95741
2.08834
2.19385
2.26173
2.28696
2.27117
2.22961
2.18225
2.1395
2.11369
2.105
2.10978
2.11926
2.12614
2.12004
2.09716
2.05794
2.00569
1.94662
1.88743
1.83606
1.79627
1.77281
1.76569
1.77483
1.79959
1.83819
1.88203
1.92711
1.96337
1.98665
1.99523
1.99086
1.98325
1.97811
1.9798
1.9863
1.99488
1.99881
1.99158
1.96562
1.91858
1.84839
1.76577
1.68342
1.61497
1.57152
1.55875
1.57733
1.62313
1.68907
1.7703
1.85471
1.93955
2.01193
2.06471
2.09252
2.08541
2.0455
1.97507
1.88259
1.78333
1.69228
1.62135
1.57833
1.56527
1.58291
1.62919
1.69374
1.77207
1.86098
1.94905
2.02985
2.09071
2.12726
2.13629
2.12946
2.11375
2.09427
2.07761
2.06443
2.05187
2.03785
2.01932
1.99542
1.96827
1.93886
1.91429
1.89685
1.88799
1.88148
1.87029
1.85143
1.82172
1.78307
1.74417
1.70827
1.68285
1.67068
1.67479
1.69422
1.72433
1.75864
1.79244
1.82179
1.84983
1.88695
1.9298
1.97588
2.01006
2.02202
2.01072
1.97835
1.93808
1.89805
1.86919
1.85688
1.86048
1.87768
1.90545
1.94233
1.98495
2.03089
2.08356
2.14233
2.21124
2.2811
2.34677
2.39174
2.40275
2.37727
2.32322
2.26144
2.20477
2.16282
2.13526
2.12265
2.12407
2.14152
2.17329
2.21055
2.24001
2.24488
2.21663
2.16205
2.08921
2.00123
1.8997
1.78807
1.676
1.56901
1.47777
1.40797
1.3645
1.34547
1.34871
1.37043
1.4056
1.44774
1.49212
1.53419
1.58255
1.64625
1.73068
1.84084
1.96675
2.09153
2.19674
2.26628
2.29217
2.27577
2.22744
2.15802
2.08329
2.02525
2.00077
2.01667
2.06634
2.13238
2.19108
2.23452
2.26583
2.29496
2.33118
2.37952
2.43647
2.49042
2.51957
2.51482
2.4725
2.4062
2.33254
2.26368
2.21023
2.18066
2.18181
2.21729
2.29365
2.41173
2.56143
2.72941
2.89576
3.0362
3.13292
3.17493
3.16605
3.11475
3.03615
2.94496
2.85516
2.78338
2.73253
2.68936
2.6451
2.58759
2.51841
2.44203
2.36896
2.31132
2.27137
2.24702
2.24075
2.25171
2.28108
2.32433
2.37256
2.41698
2.44621
2.45782
2.45327
2.43123
2.39533
2.34678
2.28673
2.22245
2.16024
2.10389
2.06029
2.03256
2.01968
2.02071
2.03116
2.04357
2.05224
2.053
2.03704
2.00613
1.96362
1.91663
1.86619
1.81446
1.76702
1.72323
1.68609
1.65943
1.64632
1.65063
1.67735
1.72663
1.80222
1.90111
2.01496
2.13045
2.2263
2.28967
2.31566
2.30983
2.2861
2.25911
2.23968
2.23138
2.23684
2.25074
2.27068
2.28755
2.2968
2.28613
2.25214
2.19285
2.11629
2.03329
1.96176
1.91317
1.88869
1.88574
1.9009
1.92548
1.95578
1.98837
2.02228
2.05475
2.07983
2.09501
2.09844
2.09111
2.08012
2.07501
2.08174
2.10708
2.15806
2.23598
2.3364
2.44808
2.54946
2.62216
2.64408
2.61519
2.55081
2.47101
2.39488
2.33615
2.29997
2.29063
2.30229
2.32242
2.33826
2.33978
2.31804
2.27153
2.20546
2.12286
2.0349
1.94977
1.87446
1.81508
1.77425
1.75207
1.74825
1.75957
1.78437
1.81982
1.86704
1.92265
1.98357
2.04397
2.10073
2.15376
2.20072
2.23582
2.25353
2.25176
2.22187
2.16743
2.09916
2.0232
1.94598
1.87446
1.81195
1.7614
1.7224
1.70002
1.69422
1.7058
1.73599
1.78524
1.8456
1.90171
1.9394
1.94504
1.91419
1.85518
1.78652
1.72231
1.67167
1.6362
1.5828
1.57948
1.5893
1.60641
1.62839
1.65107
1.67655
1.70378
1.73924
1.78444
1.84411
1.91518
1.99747
2.08926
2.18682
2.28624
2.37828
2.4571
2.52129
2.56244
2.5811
2.58255
2.57345
2.56111
2.54486
2.51879
2.47532
2.41398
2.3377
2.25484
2.17179
2.09082
2.0156
1.94608
1.88301
1.82939
1.79242
1.7726
1.77705
1.80156
1.84482
1.90323
1.96898
2.03978
2.10621
2.16412
2.20543
2.23066
2.24155
2.24418
2.23732
2.22704
2.21656
2.2103
2.21129
2.21816
2.22159
2.21083
2.1783
2.13176
2.08224
2.03571
2.00345
1.98746
1.98992
2.01059
2.05322
2.11232
2.18423
2.2596
2.3297
2.39373
2.44799
2.48938
2.5212
2.53637
2.53445
2.51424
2.48067
2.44302
2.40745
2.3768
2.35407
2.33577
2.31342
2.27851
2.22468
2.15409
2.06769
1.9769
1.89247
1.82259
1.76828
1.73041
1.7057
1.6892
1.68006
1.67839
1.68417
1.69935
1.72925
1.77312
1.83511
1.90739
1.98985
2.07458
2.15209
2.21572
2.26185
2.2924
2.30909
2.31353
2.30775
2.28768
2.26043
2.22852
2.19364
2.16674
2.14651
2.13659
2.13027
2.12752
2.1294
2.13664
2.15481
2.18478
2.23013
2.28284
2.33116
2.37226
2.39997
2.41599
2.41941
2.40936
2.38288
2.34036
2.28875
2.23659
2.19302
2.15958
2.13217
2.09995
2.05582
1.99144
1.90652
1.80886
1.70598
1.61032
1.53155
1.47832
1.45576
1.46018
1.48647
1.52215
1.55885
1.58719
1.59794
1.59384
1.57243
1.53877
1.49798
1.45974
1.42823
1.40646
1.39658
1.40108
1.41823
1.44817
1.49282
1.55141
1.61911
1.68615
1.74269
1.77912
1.79642
1.79942
1.79951
1.79805
1.79335
1.78383
1.76959
1.75455
1.74414
1.74862
1.77007
1.80806
1.85859
1.91441
1.96724
2.00955
2.03655
2.04123
2.02119
1.98307
1.94068
1.90712
1.89395
1.90302
1.93265
1.98068
2.04017
2.10196
2.16298
2.21532
2.2575
2.28593
2.30171
2.30805
2.30147
2.28926
2.26994
2.24818
2.22325
2.19861
2.17443
2.14869
2.12778
2.10073
2.07339
2.04621
2.01856
1.99374
1.96944
1.94623
1.93177
1.93107
1.95139
2.00064
2.07226
2.16367
2.26311
2.35803
2.43393
2.47943
2.49177
2.4669
2.40931
2.3249
2.22119
2.10951
1.99718
1.89516
1.80606
1.73549
1.68183
1.6411
1.61072
1.58767
1.56639
1.54958
1.53994
1.54199
1.55607
1.58313
1.61672
1.65172
1.68371
1.71336
1.73829
1.76452
1.79811
1.84303
1.90275
1.97266
2.04879
2.1213
2.18215
2.23126
2.2694
2.30416
2.33662
2.36852
2.39493
2.41468
2.42626
2.43207
2.43009
2.42068
2.39337
2.34324
2.26888
2.17442
2.06877
1.96384
1.87434
1.8107
1.78147
1.79262
1.84411
1.933
2.05338
2.18997
2.31746
2.41695
2.47165
2.47288
2.42177
2.33414
2.22716
2.11561
2.01127
1.91897
1.84763
1.79223
1.7592
1.74446
1.75152
1.77852
1.82226
1.87753
1.93531
1.98266
2.00769
1.99974
1.95855
1.89479
1.81659
1.7418
1.68339
1.65534
1.65904
1.69706
1.75998
1.83859
1.92046
1.99702
2.06728
2.13175
2.20409
2.28927
2.38644
2.49189
2.59471
2.67653
2.72377
2.72585
2.67922
2.5942
2.48308
2.36423
2.24782
2.14706
2.06884
2.01897
1.99903
2.01068
2.04921
2.106
2.17071
2.23458
2.29203
2.3353
2.36491
2.37211
2.35487
2.31494
2.2602
2.1981
2.13693
2.08272
2.03648
2.00229
1.97985
1.96436
1.94933
1.92747
1.89032
1.83826
1.77433
1.7068
1.64942
1.61184
1.59722
1.6031
1.62155
1.64357
1.66474
1.68488
1.70971
1.73823
1.77102
1.80776
1.84531
1.88048
1.91348
1.9385
1.95603
1.96432
1.95682
1.93405
1.89622
1.84879
1.79537
1.74572
1.71103
1.69535
1.70467
1.73833
1.78951
1.85364
