1.18991
1.15567
1.09903
1.02249
0.929279
0.824046
0.712812
0.602676
0.50124
0.415659
0.351524
0.311852
0.296674
0.303209
0.326623
0.361077
0.400677
0.440224
0.475645
0.504127
0.524135
0.535284
0.538117
0.533887
0.524387
0.511706
0.498078
0.485708
0.47664
0.472664
0.475153
0.485023
0.502525
0.527206
0.557842
0.592487
0.628766
0.66402
0.695761
0.721875
0.740866
0.751884
0.75486
0.750344
0.73949
0.723878
0.705222
0.685242
0.665475
0.647021
0.630581
0.616473
0.604739
0.595249
0.587851
0.582491
0.579193
0.578109
0.579424
0.583235
0.589454
0.597792
0.607679
0.618342
0.628872
0.638432
0.646401
0.652425
0.656384
0.658375
0.658609
0.657288
0.654668
0.650971
0.646438
0.641289
0.635833
0.630356
0.625098
0.620375
0.616466
0.613539
0.611802
0.611359
0.612277
0.614384
0.617234
0.620055
0.621911
0.621824
0.619003
0.612997
0.603905
0.592369
0.579449
0.566584
0.555196
0.54647
0.541168
0.53947
0.541089
0.545355
0.551336
0.557993
0.564326
0.569423
0.572547
0.57317
0.571179
0.566856
0.560927
0.5545
0.548965
0.545793
0.546317
0.55153
0.561829
0.577033
0.596353
0.618563
0.642147
0.665483
0.687055
0.70546
0.719658
0.728911
0.732774
0.731219
0.724571
0.713427
0.698727
0.68162
0.663471
0.645714
0.629771
0.616933
0.608139
0.603852
0.603757
0.606754
0.611308
0.615826
0.619166
0.620627
0.619973
0.617339
0.612946
0.607088
0.6001
0.592336
0.584243
0.576349
0.569244
0.563531
0.559771
0.55846
0.559993
0.564635
0.572391
0.582832
0.594972
0.607328
0.618208
0.626113
0.630051
0.629732
0.625633
0.618796
0.610491
0.601915
0.593906
0.586888
0.581077
0.576613
0.573836
0.573306
0.575639
0.58124
0.590078
0.601741
0.615503
0.630384
0.645389
0.6595
0.671718
0.681261
0.687426
0.68975
0.688074
0.682539
0.673605
0.662059
0.648928
0.635357
0.622596
0.611828
0.60396
0.599536
0.598616
0.600831
0.60545
0.611501
0.617996
0.624126
0.629247
0.632965
0.635089
0.63566
0.63485
0.632908
0.630224
0.627115
0.623736
0.620135
0.616184
0.611804
0.606981
0.601805
0.596498
0.59135
0.586601
0.582456
0.579081
0.576599
0.575085
0.57464
0.575381
0.577393
0.580748
0.585451
0.591276
0.59781
0.604465
0.61045
0.614969
0.617395
0.61734
0.614803
0.610177
0.60411
0.597403
0.590731
0.584627
0.579384
0.575028
0.571452
0.568563
0.566372
0.564985
0.564593
0.565357
0.567355
0.570491
0.574507
0.579119
0.584052
0.589137
0.594419
0.600102
0.606368
0.613332
0.621005
0.629312
0.638154
0.647502
0.657266
0.66726
0.677161
0.686459
0.694516
0.700731
0.704574
0.705678
0.703948
0.699454
0.692453
0.683325
0.672464
0.660219
0.646925
0.633008
0.618921
0.605193
0.592431
0.581352
0.572689
0.567126
0.565113
0.566732
0.571567
0.57869
0.586722
0.594118
0.599384
0.601405
0.599654
0.594325
0.586339
0.577217
0.568842
0.563084
0.561475
0.564925
0.573571
0.586862
0.603648
0.622351
0.641224
0.658537
0.672795
0.682814
0.687835
0.687477
0.681756
0.67098
0.655786
0.637134
0.616342
0.594987
0.574852
0.557669
0.544935
0.537698
0.536287
0.540334
0.549022
0.56119
0.575585
0.591006
0.606363
0.620657
0.632959
0.642475
0.64873
0.651615
0.651383
0.648622
0.644096
0.6386
0.632894
0.627631
0.623263
0.620066
0.61816
0.617535
0.618079
0.619681
0.622187
0.62543
0.629194
0.633168
0.63695
0.640077
0.642036
0.642483
0.641275
0.638498
0.634332
0.629009
0.622597
0.615067
0.606367
0.596558
0.58594
0.575068
0.56484
0.556337
0.550615
0.54849
0.550352
0.556058
0.565058
0.576473
0.589309
0.602599
0.615485
0.627247
0.637289
0.645099
0.650317
0.652715
0.65221
0.64889
0.64299
0.635014
0.625679
0.615877
0.606682
0.599233
0.59449
0.593065
0.595107
0.600125
0.60714
0.614942
0.622362
0.628507
0.63283
0.635264
0.636033
1.1852
1.13924
1.04289
0.911573
0.826744
0.847957
0.947893
1.07045
1.16316
1.19735
1.17767
1.13326
1.09009
1.05522
1.03334
1.024
1.01236
0.988515
0.962834
0.954203
0.962534
0.967809
0.956188
0.928191
0.888919
0.845493
0.811961
0.804477
0.82509
0.858875
0.887886
0.900633
0.892406
0.863796
0.820103
0.771
0.727773
0.69906
0.688407
0.695244
0.716264
0.746284
0.779323
0.810013
0.834768
0.852254
0.863071
0.868912
0.871406
0.871887
0.872514
0.878578
0.897366
0.931197
0.973236
1.01298
1.04345
1.06257
1.07111
1.07085
1.06357
1.05136
1.03663
1.02192
1.00914
0.998539
0.988635
0.977421
0.96363
0.947467
0.930343
0.914424
0.901973
0.894602
0.89281
0.895769
0.901555
0.907777
0.912178
0.913188
0.910237
0.903899
0.89569
0.887685
0.881941
0.880041
0.882635
0.889566
0.900046
0.913031
0.927438
0.94228
0.956675
0.969726
0.98065
0.988737
0.993315
0.993859
0.989957
0.981302
0.968098
0.951199
0.932323
0.913933
0.898229
0.886236
0.877583
0.871258
0.866457
0.862971
0.860914
0.86043
0.861476
0.863706
0.866444
0.868984
0.870909
0.872133
0.872568
0.8719
0.869492
0.864987
0.858778
0.852075
0.846612
0.844106
0.845847
0.85261
0.864637
0.881565
0.902345
0.925278
0.948361
0.969601
0.987382
1.00069
1.00913
1.01285
1.0123
1.00801
1.00049
0.990283
0.977859
0.963681
0.94838
0.932772
0.917852
0.904677
0.894166
0.886901
0.883018
0.882185
0.883757
0.886981
0.891294
0.896543
0.903054
0.911314
0.921623
0.933674
0.946333
0.957745
0.965803
0.968835
0.966002
0.957424
0.944125
0.927843
0.91063
0.894332
0.880486
0.870196
0.864442
0.864169
0.870137
0.882119
0.89842
0.915985
0.931524
0.942393
0.947154
0.945468
0.937952
0.925952
0.911145
0.895375
0.880397
0.867771
0.858621
0.853468
0.852284
0.854622
0.859837
0.867276
0.876486
0.887242
0.899266
0.912347
0.926198
0.940352
0.954129
0.966643
0.976774
0.983387
0.985543
0.98249
0.973941
0.960177
0.942157
0.921566
0.90076
0.882425
0.869043
0.862442
0.863346
0.871332
0.884818
0.901498
0.918925
0.934967
0.948174
0.957838
0.963969
0.966962
0.967454
0.96607
0.963395
0.960074
0.956879
0.954657
0.954025
0.954867
0.955957
0.955416
0.951194
0.941767
0.926594
0.906183
0.882064
0.856686
0.833222
0.815004
0.804658
0.803196
0.809591
0.821187
0.834786
0.847694
0.858264
0.865872
0.870474
0.872369
0.872249
0.871283
0.871083
0.873313
0.879019
0.888222
0.899948
0.912513
0.92408
0.933037
0.938351
0.93979
0.937897
0.933718
0.928673
0.924323
0.922126
0.923147
0.927755
0.935546
0.945592
0.956579
0.967189
0.976286
0.983047
0.987048
0.988138
0.986451
0.98231
0.976311
0.969152
0.96157
0.954233
0.947795
0.942741
0.939323
0.937659
0.937601
0.938909
0.941158
0.943741
0.945947
0.947065
0.946485
0.943891
0.939172
0.932325
0.923332
0.9121
0.898555
0.882693
0.864758
0.845301
0.825358
0.806409
0.790131
0.778348
0.772701
0.774414
0.78404
0.801297
0.825194
0.854149
0.88611
0.918697
0.949393
0.975851
0.996199
1.00913
1.01386
1.01009
0.998139
0.979164
0.955346
0.929653
0.905203
0.884413
0.86853
0.857689
0.851611
0.850163
0.853449
0.861319
0.872943
0.886447
0.899251
0.908704
0.912794
0.91056
0.902208
0.889066
0.87345
0.858487
0.847682
0.844077
0.849556
0.86431
0.886848
0.914613
0.944849
0.975073
1.00329
1.02789
1.04754
1.06101
1.06722
1.06529
1.05483
1.03612
1.01011
0.978591
0.943993
0.909184
0.877194
0.850855
0.832284
0.822649
0.821828
0.828472
0.840038
0.853215
0.864584
0.871461
0.872521
0.8682
0.860614
0.853045
0.84903
0.851276
0.860816
0.876691
0.896336
0.916372
0.933423
0.944995
0.950002
0.948836
0.943167
0.935408
0.928159
0.923486
0.922537
0.92538
0.931197
0.938601
0.94609
0.952418
0.956657
1.19901
1.18971
1.17253
1.14878
1.12034
1.08976
1.06009
1.03442
1.01534
1.00438
1.00176
1.00633
1.01601
1.02835
1.04114
1.05268
1.0617
1.06729
1.06882
1.0659
1.05878
1.04836
1.03604
1.02349
1.01231
1.00381
0.998801
0.997499
0.999674
1.00475
1.01203
1.02073
1.03002
1.0389
1.04634
1.05132
1.05318
1.05193
1.04828
1.04358
1.03954
1.03783
1.03952
1.0448
1.05305
1.06304
1.07324
1.08206
1.08789
1.08922
1.08503
1.07504
1.05997
1.04162
1.02248
1.0051
0.991412
0.98244
0.978444
0.979321
0.985121
0.995998
1.01201
1.03264
1.05635
1.08049
1.10206
1.11833
1.12753
1.12919
1.124
1.11338
1.099
1.08233
1.0646
1.04687
1.03035
1.01648
1.00677
1.00238
1.00367
1.01006
1.01971
1.02995
1.03785
1.04103
1.03831
1.02988
1.01722
1.0025
0.987975
0.975583
0.96666
0.96184
0.9613
0.964868
0.97212
0.982336
0.994566
1.00755
1.01992
1.0305
1.0386
1.04418
1.04776
1.05017
1.05216
1.05415
1.05601
1.05726
1.05733
1.056
1.05348
1.05046
1.04791
1.04684
1.04799
1.05171
1.05794
1.06628
1.0761
1.08657
1.09665
1.10538
1.11197
1.11581
1.11672
1.11488
1.11094
1.10577
1.10025
1.09488
1.08956
1.08364
1.07624
1.06666
1.05468
1.04053
1.02473
1.00797
0.991024
0.97475
0.960156
0.948246
0.939968
0.936149
0.937307
0.943567
0.9544
0.9686
0.984407
1.00006
1.01423
1.02616
1.03558
1.04242
1.04657
1.04775
1.04565
1.0402
1.0318
1.02153
1.01098
1.00197
0.996077
0.994127
0.996227
1.00197
1.01057
1.02143
1.03451
1.0503
1.06978
1.09369
1.12179
1.15232
1.1822
1.20778
1.22582
1.2341
1.23144
1.21792
1.19484
1.16447
1.12969
1.09359
1.05885
1.02758
1.00122
0.98083
0.967388
0.96173
0.964404
0.975264
0.993088
1.01554
1.03957
1.06217
1.08086
1.09423
1.10184
1.10406
1.10161
1.09508
1.08482
1.07089
1.05346
1.0332
1.01123
0.989146
0.968518
0.950957
0.938209
0.931582
0.931367
0.936472
0.945226
0.956319
0.969265
0.984078
1.00062
1.01815
1.03525
1.05015
1.06117
1.06691
1.0665
1.05976
1.04733
1.03064
1.01186
0.993735
0.979419
0.972069
0.974248
0.987341
1.01114
1.04377
1.08215
1.12263
1.16159
1.1957
1.22227
1.23928
1.24538
1.23995
1.22303
1.19532
1.15807
1.11335
1.06408
1.01415
0.968258
0.931452
0.908128
0.900787
0.909235
0.930568
0.959931
0.991949
1.02196
1.04668
1.06455
1.07536
1.07987
1.07934
1.07528
1.0693
1.06282
1.05712
1.05295
1.0505
1.04939
1.04872
1.04741
1.0444
1.03889
1.03074
1.02054
1.0095
0.999266
0.991322
0.986533
0.984992
0.985993
0.988366
0.990895
0.99254
0.992866
0.992348
0.992486
0.995409
1.00341
1.01782
1.03841
1.06335
1.08962
1.11407
1.13402
1.14769
1.15425
1.15366
1.14641
1.13328
1.11513
1.09307
1.0683
1.04231
1.01677
0.993501
0.974243
0.960422
0.952857
0.95169
0.956347
0.965526
0.977611
0.991002
1.00436
1.01681
1.02788
1.03743
1.0455
1.05211
1.05713
1.06009
1.0603
1.05694
1.04943
1.03806
1.02422
1.01013
0.998344
0.990898
0.988794
0.992058
0.999965
1.01136
1.02477
1.03865
1.05158
1.06256
1.07107
1.07703
1.08057
1.08166
1.07997
1.07506
1.06669
1.05519
1.04183
1.02857
1.018
1.01259
1.01439
1.02425
1.04129
1.06289
1.0854
1.10531
1.12004
1.12827
1.12978
1.1251
1.11522
1.10139
1.08493
1.06715
1.04925
1.0323
1.0172
1.00491
0.996494
0.99322
0.996511
1.00749
1.02643
1.05216
1.08201
1.11253
1.14022
1.16235
1.17697
1.1827
1.17881
1.16537
1.14335
1.1147
1.08192
1.04746
1.01349
0.981808
0.954224
0.932585
0.918403
0.912517
0.914828
0.924406
0.939858
0.959656
1.22107
1.23762
1.24728
1.24899
1.24198
1.22637
1.20362
1.17667
1.14917
1.12472
1.1057
1.09314
1.08691
1.08621
1.08985
1.09659
1.10536
1.1156
1.12763
1.14281
1.16322
1.19012
1.22246
1.25654
1.2873
1.31037
1.32313
1.32466
1.31549
1.29717
1.27198
1.24296
1.21369
1.18773
1.16801
1.15627
1.15323
1.15874
1.17168
1.18955
1.20893
1.22628
1.23882
1.24499
1.24445
1.23737
1.22423
1.2056
1.18239
1.15615
1.12904
1.10334
1.08109
1.06387
1.05291
1.0494
1.05441
1.06861
1.09168
1.12193
1.15644
1.19144
1.22279
1.24663
1.26019
1.26231
1.25387
1.23749
1.21682
1.19564
1.17664
1.16102
1.14838
1.13759
1.1275
1.11764
1.10854
1.10168
1.09924
1.10311
1.11383
1.13002
1.14881
1.16675
1.18095
1.18968
1.1925
1.19008
1.18401
1.17652
1.17005
1.16662
1.16715
1.17123
1.17733
1.18347
1.18786
1.18954
1.18845
1.18521
1.181
1.17726
1.17522
1.17587
1.17962
1.18631
1.19526
1.20517
1.21415
1.2203
1.22206
1.2186
1.20963
1.19517
1.1753
1.15031
1.12107
1.08929
1.05784
1.03057
1.01168
1.00496
1.01271
1.0351
1.06986
1.11252
1.15726
1.19804
1.22989
1.24961
1.25617
1.25038
1.23445
1.21147
1.18516
1.15964
1.13909
1.12748
1.12798
1.14208
1.16868
1.20379
1.24183
1.27733
1.30623
1.32611
1.33573
1.3349
1.32435
1.30567
1.2813
1.25422
1.22763
1.2042
1.18583
1.17333
1.16645
1.1641
1.16478
1.16724
1.17065
1.17451
1.17837
1.18172
1.18416
1.18579
1.18707
1.18853
1.19009
1.19069
1.1887
1.18243
1.17082
1.15365
1.13155
1.10601
1.07913
1.05353
1.03208
1.01767
1.01288
1.01949
1.03749
1.06466
1.09687
1.12919
1.15742
1.17902
1.19313
1.20026
1.20164
1.19876
1.19314
1.18634
1.17998
1.17567
1.17453
1.17667
1.1811
1.18626
1.19072
1.19388
1.19616
1.19892
1.20413
1.2133
1.22671
1.24287
1.25881
1.27099
1.2764
1.27318
1.26112
1.24173
1.21783
1.19282
1.17002
1.15214
1.14095
1.13722
1.14076
1.15043
1.1641
1.17896
1.19199
1.20045
1.2025
1.19752
1.18626
1.17056
1.15309
1.13671
1.12366
1.11502
1.11036
1.10793
1.10535
1.10043
1.09219
1.0816
1.07145
1.06543
1.06656
1.07567
1.09134
1.11074
1.13098
1.14956
1.16441
1.17406
1.17745
1.17423
1.1648
1.15035
1.13278
1.11476
1.09964
1.09106
1.09219
1.10476
1.12865
1.16211
1.20201
1.2446
1.28597
1.3224
1.35098
1.36977
1.37775
1.37474
1.36121
1.33823
1.30736
1.27038
1.22941
1.18702
1.14629
1.11059
1.08326
1.06694
1.06268
1.0697
1.08563
1.10737
1.13174
1.15591
1.17725
1.19335
1.20228
1.203
1.19557
1.18125
1.1622
1.14117
1.121
1.1042
1.09271
1.08748
1.0884
1.09435
1.10364
1.11452
1.12564
1.13587
1.14426
1.15007
1.15314
1.15415
1.15475
1.15698
1.16247
1.17171
1.18372
1.19666
1.20814
1.21576
1.21749
1.21196
1.19865
1.17816
1.15256
1.1252
1.10028
1.08209
1.07379
1.07648
1.08898
1.1084
1.13109
1.15348
1.17275
1.18695
1.19537
1.19857
1.19831
1.19734
1.19853
1.20367
1.21256
1.2231
1.23249
1.23861
1.24099
1.24105
1.24165
1.2457
1.25428
1.26546
1.27522
1.27914
1.27377
1.25713
1.22902
1.1912
1.14765
1.10436
1.06845
1.04605
1.04009
1.04906
1.06793
1.09081
1.11308
1.13164
1.14442
1.15014
1.14856
1.14066
1.12846
1.11425
1.10012
1.08781
1.07893
1.07481
1.07615
1.08272
1.09344
1.10651
1.12007
1.13263
1.14322
1.15122
1.15625
1.1581
1.15699
1.15381
1.15007
1.14773
1.14844
1.1534
1.16296
1.17691
1.19441
1.21413
1.2344
1.25346
1.26983
1.28232
1.28992
1.29173
1.19597
1.18809
1.17746
1.16573
1.15463
1.14529
1.13811
1.13273
1.12896
1.12685
1.12671
1.12834
1.1307
1.13215
1.13122
1.1273
1.12101
1.11409
1.10886
1.1075
1.11151
1.12135
1.13619
1.15392
1.17172
1.1868
1.19678
1.20015
1.19619
1.18502
1.16748
1.14493
1.11938
1.09319
1.06889
1.04902
1.03574
1.03059
1.03409
1.04574
1.06385
1.0858
1.10837
1.12798
1.14131
1.14587
1.14066
1.12663
1.10664
1.08512
1.067
1.05649
1.05577
1.06449
1.0802
1.09949
1.11904
1.13654
1.1508
1.16158
1.16907
1.17329
1.17409
1.17107
1.16415
1.15377
1.14079
1.12664
1.11337
1.10361
1.10012
1.10483
1.11746
1.13497
1.15257
1.16553
1.17047
1.16571
1.15123
1.12835
1.09967
1.06914
1.04183
1.02314
1.01739
1.02623
1.04808
1.07881
1.11307
1.14561
1.17218
1.19025
1.19915
1.1999
1.19461
1.18606
1.17695
1.16933
1.16417
1.16136
1.15984
1.15802
1.15429
1.14732
1.13618
1.12071
1.10189
1.08186
1.06348
1.04973
1.04305
1.04494
1.05598
1.07574
1.10247
1.13304
1.16325
1.18875
1.2059
1.21252
1.20811
1.19393
1.17286
1.14884
1.12613
1.10809
1.09624
1.09004
1.08783
1.08811
1.0901
1.09365
1.09852
1.10381
1.10808
1.10976
1.10801
1.10312
1.09647
1.08975
1.08442
1.08109
1.07951
1.07911
1.07968
1.0817
1.08614
1.09358
1.1036
1.11492
1.12581
1.13513
1.1427
1.14919
1.15581
1.16347
1.17203
1.1801
1.18549
1.186
1.18039
1.16894
1.15344
1.13673
1.12138
1.1089
1.09953
1.09276
1.08794
1.08454
1.08183
1.07902
1.07554
1.07118
1.06638
1.06215
1.05994
1.06132
1.06736
1.07822
1.09303
1.11038
1.12908
1.14848
1.1684
1.18832
1.20673
1.22118
1.22909
1.22843
1.21843
1.19978
1.17426
1.14461
1.11415
1.08638
1.06441
1.0506
1.04601
1.05045
1.06271
1.08066
1.10139
1.12148
1.13789
1.14876
1.15393
1.15463
1.15266
1.14978
1.1474
1.14634
1.14705
1.14954
1.15315
1.1567
1.159
1.15911
1.15644
1.15065
1.14131
1.12814
1.11152
1.09301
1.0753
1.06153
1.05421
1.05444
1.06169
1.07417
1.08931
1.10425
1.11626
1.12329
1.12454
1.12089
1.1147
1.10904
1.10684
1.10988
1.11846
1.13142
1.14662
1.1619
1.17591
1.18843
1.19983
1.20994
1.21721
1.21945
1.21488
1.20306
1.18496
1.16244
1.13778
1.11333
1.09143
1.07409
1.06271
1.05791
1.05958
1.06692
1.07859
1.0928
1.10722
1.11953
1.12797
1.13183
1.13179
1.12953
1.12684
1.125
1.12437
1.12483
1.12617
1.12817
1.13042
1.13217
1.13255
1.13086
1.12681
1.12078
1.11376
1.10677
1.10065
1.09579
1.09221
1.08963
1.08801
1.08768
1.0893
1.09351
1.10078
1.1111
1.12374
1.13736
1.15009
1.1601
1.16588
1.16688
1.16363
1.15749
1.15008
1.1424
1.13453
1.12586
1.1159
1.10478
1.0935
1.08352
1.07628
1.07273
1.07327
1.07766
1.08517
1.09462
1.10451
1.11335
1.11999
1.12405
1.12605
1.12748
1.13036
1.13656
1.14713
1.16182
1.17878
1.19491
1.20665
1.21097
1.20642
1.19329
1.1737
1.15107
1.12903
1.11064
1.09776
1.09094
1.08971
1.09284
1.09864
1.10521
1.11062
1.11316
1.11177
1.10651
1.09859
1.09003
1.08301
1.07926
1.0795
1.08355
1.09051
1.09897
1.10742
1.11434
1.11831
1.11817
1.11325
1.10363
1.0903
1.07554
1.06246
1.05427
1.05343
1.06112
1.0772
1.10045
1.12878
1.15917
1.18804
1.21166
1.22684
1.23168
1.22583
1.21067
1.18906
1.16458
1.14098
1.12148
1.10824
1.10222
1.10316
1.10979
1.12026
1.13269
1.14559
1.15812
1.16988
1.18058
1.18991
1.19722
1.20177
1.20271
1.19946
1.19184
1.1802
1.16516
1.14736
1.12741
1.17835
1.15425
1.13083
1.10943
1.08989
1.0713
1.05345
1.03784
1.02726
1.02448
1.03081
1.04566
1.06686
1.09156
1.11685
1.1402
1.15976
1.17455
1.18432
1.1893
1.18979
1.18622
1.17927
1.17034
1.16164
1.15588
1.15535
1.16127
1.17323
1.18951
1.20774
1.22555
1.24112
1.25312
1.26055
1.26254
1.25831
1.2473
1.22952
1.20582
1.17798
1.14845
1.11987
1.09461
1.0746
1.06132
1.05588
1.05863
1.06909
1.08547
1.10498
1.1242
1.13994
1.14987
1.15316
1.15056
1.14408
1.13645
1.13057
1.12924
1.13462
1.14765
1.16762
1.19217
1.21801
1.24192
1.26131
1.27473
1.28187
1.28319
1.27952
1.27185
1.26084
1.24674
1.2295
1.20886
1.18458
1.15663
1.12527
1.0915
1.05728
1.02557
0.999963
0.983925
0.979924
0.988873
1.00981
1.04011
1.07616
1.11402
1.1502
1.18177
1.20645
1.22274
1.23007
1.22887
1.22075
1.20821
1.19394
1.1807
1.17049
1.16413
1.16126
1.16073
1.16136
1.1626
1.16469
1.16863
1.17557
1.18598
1.19918
1.21331
1.22573
1.23372
1.23544
1.23029
1.21878
1.20255
1.18405
1.1664
1.15256
1.14448
1.14227
1.14425
1.14783
1.15079
1.15222
1.15263
1.15343
1.15574
1.15957
1.16375
1.16632
1.16521
1.15873
1.14625
1.12843
1.10737
1.08641
1.06949
1.06032
1.06129
1.07247
1.09141
1.11388
1.13556
1.1534
1.16632
1.17478
1.18009
1.18358
1.18603
1.18775
1.18886
1.18957
1.19019
1.19097
1.19186
1.19226
1.1911
1.18738
1.18065
1.17137
1.16081
1.15075
1.14313
1.13965
1.14138
1.14841
1.15972
1.17344
1.18724
1.1993
1.20841
1.21433
1.2175
1.21865
1.21854
1.21775
1.21665
1.21523
1.21322
1.21027
1.20598
1.19996
1.19191
1.18173
1.1696
1.15593
1.14126
1.12622
1.11156
1.09814
1.08705
1.07942
1.07618
1.07776
1.08399
1.09421
1.10751
1.12287
1.13933
1.15601
1.17197
1.18624
1.19785
1.20599
1.21018
1.21035
1.20655
1.19882
1.18698
1.17102
1.15146
1.13004
1.10952
1.09288
1.08248
1.07918
1.08236
1.09045
1.10162
1.11416
1.12686
1.13872
1.14889
1.15664
1.16145
1.16349
1.16378
1.16395
1.16548
1.16886
1.17327
1.17699
1.17828
1.17638
1.17185
1.16648
1.16252
1.16195
1.16579
1.17394
1.1856
1.19943
1.21387
1.22733
1.23825
1.24508
1.24648
1.24183
1.23166
1.21775
1.20271
1.1889
1.1778
1.16982
1.1648
1.16231
1.1615
1.16135
1.16052
1.15799
1.15325
1.14666
1.13941
1.13283
1.128
1.12534
1.12474
1.1259
1.12851
1.13212
1.13612
1.13978
1.14263
1.14466
1.14642
1.1488
1.15244
1.15722
1.16202
1.16523
1.16532
1.16159
1.15441
1.145
1.13483
1.12527
1.11735
1.112
1.11008
1.1124
1.11939
1.13042
1.1438
1.15707
1.16758
1.17339
1.17358
1.16858
1.15986
1.14937
1.13901
1.13026
1.12396
1.12025
1.11857
1.11782
1.11687
1.11488
1.11167
1.10763
1.10369
1.10101
1.10062
1.10319
1.10892
1.11787
1.13023
1.14626
1.16554
1.18653
1.20676
1.22357
1.23499
1.24021
1.23953
1.23413
1.22582
1.21671
1.20877
1.20328
1.2003
1.19863
1.19633
1.19156
1.18346
1.17256
1.1605
1.14934
1.14079
1.13568
1.13391
1.13474
1.13719
1.14011
1.14245
1.14339
1.14289
1.1419
1.14212
1.14526
1.15217
1.1626
1.17532
1.18888
1.20169
1.21219
1.21877
1.22003
1.21532
1.2053
1.19218
1.17906
1.16864
1.1623
1.15974
1.15974
1.16067
1.16105
1.15958
1.15532
1.14791
1.13761
1.12544
1.11299
1.10222
1.09509
1.09301
1.09615
1.10323
1.11176
1.11898
1.12292
1.12321
1.12138
1.1205
1.12346
1.13099
1.14127
1.1516
1.16029
1.16731
1.17382
1.18124
1.19057
1.202
1.21456
1.22649
1.20867
1.21457
1.21667
1.21528
1.2112
1.20522
1.19817
1.19094
1.1846
1.18037
1.17944
1.18259
1.18995
1.20059
1.21255
1.2232
1.22996
1.23099
1.22559
1.2142
1.19824
1.17938
1.15904
1.1378
1.11558
1.09215
1.0678
1.04366
1.0218
1.00494
0.996221
0.998416
1.01305
1.03926
1.07384
1.11213
1.14931
1.18138
1.20547
1.22003
1.2246
1.22014
1.20882
1.19381
1.17875
1.16696
1.16037
1.15939
1.1627
1.16797
1.17268
1.17496
1.17423
1.17075
1.16497
1.15681
1.14582
1.13172
1.11498
1.09686
1.07911
1.06377
1.0531
1.04922
1.05341
1.06549
1.08354
1.10453
1.12524
1.14332
1.15781
1.16912
1.17841
1.18712
1.19634
1.20634
1.21658
1.22589
1.23275
1.23561
1.23337
1.22554
1.21256
1.19574
1.17727
1.16011
1.14703
1.13962
1.13761
1.139
1.14108
1.14176
1.14028
1.13729
1.13432
1.1328
1.13328
1.13514
1.13678
1.13628
1.1323
1.1245
1.11378
1.10215
1.09208
1.08592
1.08501
1.08932
1.09741
1.10707
1.11619
1.12338
1.12809
1.13063
1.13178
1.13251
1.13374
1.13606
1.13988
1.14534
1.15239
1.1607
1.16981
1.17905
1.18782
1.19573
1.20263
1.20829
1.21204
1.21283
1.20957
1.20161
1.18913
1.17329
1.15605
1.13946
1.12517
1.11396
1.10573
1.09977
1.09498
1.09039
1.08541
1.08022
1.07579
1.07373
1.07595
1.08438
1.10035
1.12374
1.15217
1.18139
1.20651
1.22374
1.2315
1.23038
1.22272
1.21175
1.20061
1.19177
1.1863
1.18378
1.18279
1.1816
1.17911
1.17536
1.17151
1.16928
1.17005
1.17424
1.1811
1.18887
1.19537
1.19844
1.19617
1.18734
1.17154
1.14951
1.12323
1.09557
1.06994
1.04978
1.03808
1.03664
1.04571
1.06389
1.08856
1.11661
1.1447
1.16961
1.18853
1.19944
1.20129
1.19413
1.17899
1.15759
1.13225
1.10605
1.08263
1.06555
1.05729
1.05863
1.06843
1.08427
1.1033
1.1232
1.14235
1.15996
1.17588
1.19044
1.2044
1.21867
1.23379
1.24946
1.26444
1.27707
1.28608
1.29086
1.29119
1.28708
1.27842
1.26508
1.24708
1.22486
1.19946
1.1725
1.1458
1.12112
1.10003
1.08365
1.07259
1.06682
1.06579
1.06877
1.07544
1.0861
1.10134
1.12121
1.14455
1.16909
1.1922
1.21153
1.22552
1.23337
1.23493
1.2306
1.22121
1.20795
1.19209
1.17496
1.15799
1.14272
1.13055
1.12236
1.11781
1.11544
1.1138
1.11243
1.11184
1.11247
1.11384
1.11464
1.11339
1.10917
1.10196
1.09279
1.08335
1.07565
1.0713
1.07101
1.07434
1.07978
1.08538
1.08947
1.09133
1.09145
1.09114
1.09189
1.09487
1.1008
1.10996
1.12215
1.13672
1.15271
1.169
1.18436
1.19727
1.20589
1.20854
1.2046
1.19517
1.18308
1.17209
1.16535
1.16442
1.16893
1.17721
1.18722
1.19706
1.20521
1.21061
1.21255
1.21058
1.20457
1.19482
1.18272
1.17081
1.16186
1.15738
1.15665
1.15699
1.15499
1.14813
1.13559
1.11833
1.09857
1.07912
1.06262
1.05124
1.04665
1.04986
1.06123
1.08036
1.10562
1.13428
1.16296
1.1882
1.20747
1.21944
1.22402
1.22228
1.21599
1.20732
1.19831
1.19051
1.18482
1.18141
1.17969
1.17844
1.17591
1.17003
1.15894
1.14155
1.1183
1.09143
1.06506
1.04461
1.03514
1.03943
1.05683
1.08372
1.11504
1.14593
1.17257
1.19269
1.20551
1.21158
1.21245
1.20997
1.20569
1.20033
1.19374
1.18527
1.17428
1.16058
1.1445
1.12689
1.10929
1.09372
1.08241
1.07728
1.07927
1.08804
1.10212
1.11935
1.13742
1.154
1.16692
1.17449
1.176
1.17201
1.16443
1.15605
1.14957
1.14709
1.14977
1.15798
1.17118
1.18807
1.20652
1.22365
1.23634
1.24192
1.23877
1.22668
1.20675
1.18096
1.15171
1.1215
1.09283
1.17487
1.15294
1.139
1.13581
1.14374
1.16004
1.17979
1.19793
1.21089
1.21737
1.21816
1.21544
1.21184
1.20942
1.20906
1.21056
1.21327
1.2165
1.21947
1.22135
1.22127
1.21836
1.21228
1.20351
1.19345
1.18413
1.17747
1.17455
1.17544
1.17918
1.18435
1.18955
1.19378
1.19655
1.19795
1.19855
1.19889
1.19954
1.20092
1.20348
1.20762
1.2134
1.22022
1.22671
1.23088
1.2308
1.22483
1.21218
1.19324
1.16951
1.14351
1.11858
1.09808
1.08487
1.08076
1.08645
1.10187
1.12621
1.15815
1.19568
1.23573
1.27445
1.30771
1.33194
1.3448
1.34552
1.33506
1.31583
1.29132
1.26518
1.24041
1.21883
1.20079
1.18575
1.17285
1.16123
1.15018
1.13942
1.12942
1.12143
1.11711
1.11744
1.12198
1.1288
1.13531
1.1394
1.1402
1.1382
1.13487
1.13212
1.13167
1.13464
1.14137
1.15166
1.1652
1.18174
1.20107
1.22277
1.24602
1.26939
1.29091
1.30837
1.3198
1.32387
1.32048
1.31055
1.29598
1.27929
1.26313
1.24969
1.24051
1.23594
1.23519
1.23652
1.23764
1.23622
1.2305
1.21997
1.20568
1.18997
1.1758
1.1657
1.16086
1.16092
1.16446
1.17009
1.17719
1.18592
1.19677
1.20982
1.22431
1.23862
1.25101
1.25997
1.26458
1.26431
1.25885
1.2479
1.23128
1.2093
1.18317
1.15517
1.12845
1.10598
1.09004
1.0819
1.08207
1.09034
1.10588
1.12719
1.15216
1.17833
1.20337
1.2254
1.24317
1.256
1.26384
1.26688
1.2654
1.25968
1.24982
1.2361
1.21934
1.20095
1.18294
1.16757
1.15696
1.15295
1.15696
1.16976
1.19092
1.21837
1.24825
1.2756
1.29542
1.30395
1.29939
1.28218
1.25514
1.22301
1.19167
1.16656
1.15128
1.14698
1.15253
1.16529
1.182
1.19981
1.21663
1.2312
1.24304
1.25242
1.26033
1.26806
1.27607
1.28286
1.28473
1.27728
1.25764
1.2257
1.18443
1.13944
1.0981
1.06746
1.05209
1.05256
1.06599
1.0879
1.11419
1.14201
1.16955
1.1955
1.21847
1.23726
1.25131
1.26102
1.26771
1.27277
1.27678
1.27939
1.2798
1.27728
1.27175
1.26371
1.25403
1.24368
1.23369
1.22514
1.2194
1.21807
1.22234
1.23232
1.24633
1.2612
1.27349
1.2807
1.28207
1.27808
1.26952
1.2571
1.24124
1.22245
1.20172
1.18051
1.16062
1.14369
1.13111
1.12391
1.12271
1.12768
1.13822
1.15297
1.17007
1.18756
1.20386
1.218
1.22933
1.2375
1.24227
1.24333
1.24017
1.23228
1.21955
1.2028
1.18423
1.16724
1.15547
1.15149
1.15601
1.16796
1.18504
1.20452
1.22378
1.2405
1.25283
1.25972
1.26102
1.25742
1.25016
1.24074
1.23063
1.22099
1.21273
1.20646
1.20284
1.20254
1.20634
1.21447
1.2262
1.23951
1.25162
1.25982
1.2622
1.2582
1.24875
1.23573
1.22124
1.20691
1.19372
1.18192
1.17153
1.16277
1.156
1.15153
1.14927
1.14831
1.1475
1.1464
1.146
1.14861
1.15645
1.16992
1.18713
1.20509
1.22126
1.23439
1.24472
1.25335
1.26159
1.27046
1.28008
1.28957
1.29727
1.30132
1.30035
1.29385
1.28226
1.26666
1.24842
1.22887
1.20939
1.19168
1.1779
1.17026
1.17003
1.17643
1.18638
1.19531
1.19894
1.19481
1.18316
1.16698
1.15113
1.14103
1.14158
1.15581
1.18376
1.22216
1.26512
1.30576
1.33815
1.35834
1.3647
1.35751
1.33831
1.30933
1.27313
1.23264
1.19161
1.15449
1.12577
1.10876
1.10451
1.11157
1.12652
1.14496
1.16262
1.17605
1.1831
1.18301
1.17604
1.16326
1.14657
1.12854
1.11215
1.1001
1.09407
1.09433
1.1003
1.11157
1.12825
1.15004
1.17492
1.19935
1.21997
1.2351
1.24498
1.25113
1.25563
1.26035
1.26669
1.2753
1.28583
1.29661
1.30515
1.30889
1.30613
1.29628
1.27954
1.25634
1.17267
1.14085
1.10803
1.07756
1.0534
1.03927
1.03767
1.04929
1.07287
1.10543
1.14298
1.1814
1.21704
1.2471
1.26965
1.28336
1.28728
1.28108
1.26549
1.24266
1.21611
1.1903
1.16986
1.15868
1.15883
1.16961
1.18743
1.20683
1.22198
1.22846
1.22423
1.21008
1.18911
1.16593
1.14537
1.13129
1.12542
1.1271
1.13364
1.14151
1.14752
1.14981
1.14822
1.14381
1.1381
1.13231
1.12715
1.12359
1.12339
1.12889
1.14172
1.16121
1.18438
1.20717
1.2262
1.2395
1.24657
1.24781
1.24397
1.23588
1.22445
1.21067
1.1958
1.18138
1.16937
1.1617
1.15997
1.16504
1.17712
1.19577
1.21968
1.24643
1.27228
1.29255
1.30258
1.29913
1.28142
1.25146
1.21364
1.17357
1.13701
1.1087
1.0916
1.08632
1.09131
1.1036
1.12
1.13799
1.15595
1.17283
1.18753
1.19871
1.20487
1.20472
1.1977
1.18413
1.16518
1.14271
1.11897
1.09643
1.07768
1.06528
1.06163
1.06833
1.08551
1.11159
1.14337
1.17682
1.20805
1.23398
1.25275
1.2639
1.2683
1.26758
1.26346
1.25712
1.24872
1.23749
1.22247
1.20328
1.18075
1.15712
1.1353
1.11787
1.10606
1.10006
1.10026
1.10838
1.12698
1.15699
1.19523
1.23521
1.26967
1.29282
1.30122
1.29422
1.27369
1.24377
1.20997
1.17785
1.15179
1.13409
1.12505
1.12342
1.12713
1.1338
1.14123
1.14782
1.15317
1.15785
1.16307
1.16993
1.17882
1.18909
1.19925
1.20741
1.21211
1.21288
1.21047
1.20655
1.20281
1.19992
1.19708
1.19263
1.185
1.17411
1.16222
1.15356
1.15268
1.16201
1.18051
1.20406
1.22742
1.24631
1.2582
1.26243
1.2599
1.25212
1.24065
1.22667
1.21083
1.1936
1.1756
1.15793
1.14235
1.13096
1.12563
1.12718
1.13448
1.14442
1.15282
1.15607
1.15276
1.14434
1.13474
1.12878
1.13029
1.14091
1.15969
1.18352
1.20822
1.22945
1.24374
1.24905
1.24509
1.23323
1.21628
1.19777
1.18124
1.16924
1.16308
1.16291
1.16805
1.17749
1.18991
1.20393
1.21847
1.23308
1.24753
1.26167
1.27474
1.28502
1.29017
1.28795
1.27704
1.2576
1.23113
1.20014
1.16773
1.13693
1.1102
1.0892
1.07457
1.06613
1.06315
1.06472
1.06976
1.07716
1.0857
1.09421
1.10142
1.10648
1.10917
1.11024
1.11147
1.11536
1.12429
1.13938
1.15998
1.18406
1.20876
1.23118
1.24871
1.25913
1.2608
1.25311
1.23675
1.21421
1.18959
1.16797
1.15405
1.15062
1.15774
1.17276
1.1915
1.20965
1.2242
1.23389
1.2391
1.24113
1.24109
1.23947
1.23591
1.22946
1.21943
1.20587
1.19
1.17393
1.15989
1.14958
1.14346
1.14097
1.14113
1.14334
1.14748
1.15332
1.15988
1.16541
1.16809
1.1671
1.16331
1.15907
1.15731
1.15998
1.1667
1.17488
1.18113
1.18302
1.17986
1.17253
1.16272
1.15222
1.14245
1.13463
1.12986
1.1293
1.13404
1.14452
1.15993
1.17783
1.19486
1.20783
1.21481
1.21553
1.21108
1.20299
1.19268
1.18134
1.17012
1.16033
1.15338
1.1506
1.1531
1.16152
1.1757
1.19429
1.21486
1.23418
1.24895
1.25658
1.25586
1.2472
1.23267
1.21578
1.20061
1.19094
1.18893
1.19417
1.20405
1.21491
1.22323
1.22662
1.22421
1.21674
1.20625
1.19548
1.18689
1.18178
1.18006
1.18039
1.18103
1.18074
1.179
1.17601
1.17226
1.16819
1.1642
1.16071
1.15835
1.15791
1.16005
1.16473
1.17125
1.17839
1.18461
1.18866
1.18987
1.18797
1.18286
1.17458
1.16349
1.15061
1.13772
1.12691
1.12005
1.11833
1.12187
1.12983
1.14072
1.15299
1.1654
1.17693
1.18675
1.19421
1.19869
1.19985
1.19789
1.1938
1.18959
1.18791
1.19132
1.20119
1.21707
1.23649
1.25594
1.2718
1.28123
1.28242
1.27435
1.25674
1.17497
1.14353
1.10984
1.07757
1.0503
1.03111
1.02243
1.02603
1.04272
1.07183
1.11081
1.15534
1.19996
1.23925
1.26887
1.28616
1.29021
1.28149
1.26143
1.23248
1.19798
1.16218
1.13003
1.10622
1.09386
1.09359
1.10376
1.12143
1.1431
1.16539
1.1851
1.1994
1.20606
1.20387
1.19308
1.17536
1.15361
1.13122
1.11128
1.09587
1.08585
1.08146
1.08295
1.09031
1.10291
1.11907
1.13636
1.15252
1.16616
1.17685
1.1848
1.19011
1.19249
1.19109
1.18489
1.17334
1.1569
1.13716
1.11674
1.09874
1.08583
1.0798
1.08106
1.08859
1.1004
1.11401
1.12713
1.13812
1.14604
1.15055
1.1518
1.15048
1.14806
1.14638
1.14717
1.15134
1.15859
1.16764
1.17645
1.18293
1.18534
1.18278
1.17512
1.16305
1.14803
1.13234
1.11897
1.11157
1.11366
1.12742
1.15243
1.18529
1.2206
1.25269
1.27715
1.29151
1.29506
1.28863
1.27389
1.25301
1.22812
1.20105
1.17326
1.14591
1.12008
1.09698
1.07789
1.06407
1.05652
1.05576
1.06177
1.07375
1.0902
1.10893
1.12734
1.14273
1.15261
1.15518
1.1495
1.13571
1.11521
1.09072
1.06584
1.04421
1.02875
1.02083
1.02017
1.02529
1.03445
1.04652
1.06142
1.07977
1.10201
1.12766
1.15496
1.18129
1.20414
1.22192
1.23423
1.24146
1.24438
1.2439
1.24071
1.23532
1.22838
1.22067
1.21291
1.20579
1.19961
1.19448
1.19058
1.1884
1.1886
1.1916
1.19731
1.20485
1.21271
1.21915
1.22244
1.22124
1.21475
1.20282
1.18609
1.16592
1.14407
1.12248
1.10285
1.08654
1.07466
1.06827
1.0683
1.07487
1.08678
1.10196
1.11832
1.13424
1.14858
1.16049
1.16954
1.1756
1.17904
1.18044
1.18022
1.17842
1.17462
1.16842
1.15972
1.14866
1.1355
1.12057
1.10436
1.08783
1.07251
1.0603
1.05307
1.0522
1.0582
1.07076
1.08886
1.11113
1.13616
1.16243
1.18834
1.212
1.23119
1.2438
1.24856
1.24559
1.23672
1.22497
1.21374
1.20583
1.20267
1.2038
1.2074
1.21092
1.21196
1.20916
1.20254
1.19334
1.18348
1.17466
1.16788
1.16318
1.15983
1.1566
1.15229
1.1459
1.1371
1.12616
1.11377
1.10092
1.0885
1.07744
1.06872
1.06364
1.06368
1.06975
1.08154
1.0975
1.11549
1.13317
1.14845
1.15941
1.16446
1.16258
1.15371
1.13882
1.12013
1.10092
1.08502
1.07602
1.0762
1.08577
1.10265
1.12309
1.14299
1.15902
1.16932
1.17352
1.17254
1.16808
1.16216
1.15686
1.15403
1.15531
1.16181
1.17376
1.19013
1.20837
1.22495
1.23613
1.23895
1.23186
1.215
1.19002
1.15964
1.12722
1.09613
1.06924
1.0489
1.03711
1.03594
1.04731
1.07185
1.10771
1.15049
1.19437
1.23374
1.26445
1.28431
1.29307
1.29189
1.28273
1.26799
1.24974
1.22964
1.20881
1.18794
1.16771
1.14887
1.13239
1.11951
1.11126
1.10828
1.11046
1.11693
1.12624
1.13654
1.14598
1.15278
1.15519
1.15177
1.14175
1.12563
1.10514
1.08312
1.06295
1.04765
1.03929
1.03856
1.04475
1.05627
1.0715
1.08913
1.10834
1.12831
1.14795
1.16591
1.18096
1.19228
1.19978
1.204
1.20551
1.20444
1.20039
1.19269
1.18113
1.16631
1.14961
1.13309
1.11917
1.11033
1.10864
1.11536
1.13065
1.15348
1.18175
1.21269
1.24327
1.27068
1.29249
1.30695
1.31284
1.30942
1.29637
1.274
1.24345
1.20699
1.16777
1.12962
1.09625
1.0704
1.05346
1.0453
1.04479
1.05042
1.06072
1.07434
1.08982
1.10508
1.11759
1.12486
1.1252
1.11821
1.10497
1.08765
1.06927
1.05309
1.04186
1.03732
1.03971
1.04794
1.06037
1.07531
1.09113
1.10612
1.11833
1.12609
1.12844
1.12574
1.1198
1.1133
1.10897
1.10878
1.11326
1.12142
1.13115
1.14009
1.14641
