3.20942
3.40722
3.75137
4.18183
4.68469
5.23692
5.81381
6.36871
6.8715
7.28923
7.59533
7.77878
7.84347
7.79852
7.67149
7.49236
7.28981
7.08709
6.90779
6.76232
6.65985
6.60037
6.58413
6.60621
6.65615
6.71833
6.78628
6.84654
6.89713
6.91698
6.90695
6.85284
6.76711
6.64182
6.48838
6.31294
6.13443
5.96355
5.8067
5.67405
5.58341
5.53238
5.51429
5.53767
5.58564
5.6613
5.74993
5.85165
5.95278
6.04707
6.13368
6.2072
6.26921
6.3115
6.3444
6.37099
6.3813
6.38414
6.37563
6.35167
6.32304
6.27686
6.22816
6.1765
6.12605
6.07911
6.03977
6.01505
5.99605
5.98562
5.9855
5.99024
6.00285
6.02635
6.04893
6.07076
6.09402
6.11952
6.14179
6.16171
6.18032
6.19188
6.19637
6.19485
6.18817
6.17611
6.16324
6.15256
6.14638
6.14692
6.16396
6.19764
6.24429
6.30201
6.36545
6.42368
6.47998
6.52678
6.55364
6.56334
6.55809
6.53986
6.50892
6.48511
6.45428
6.43071
6.42074
6.42225
6.43482
6.46305
6.4904
6.52109
6.54833
6.56295
6.55732
6.5292
6.4769
6.39738
6.2967
6.17952
6.06102
5.94407
5.83548
5.74399
5.67412
5.63094
5.60588
5.61456
5.65386
5.71057
5.78337
5.86551
5.95373
6.0339
6.11194
6.17353
6.20827
6.22466
6.22419
6.21523
6.19105
6.16466
6.15219
6.15199
6.16373
6.18617
6.21519
6.25187
6.29134
6.33696
6.38457
6.42828
6.46627
6.49825
6.51162
6.51612
6.49811
6.47095
6.42687
6.37015
6.30755
6.24144
6.18902
6.1431
6.12298
6.12066
6.13959
6.16879
6.20887
6.25444
6.29587
6.33999
6.36768
6.38738
6.40317
6.40779
6.39475
6.37004
6.3239
6.26619
6.19639
6.11857
6.03649
5.96674
5.91508
5.86896
5.83904
5.83119
5.84545
5.87745
5.92465
5.98446
6.05516
6.12376
6.19031
6.24474
6.29022
6.3127
6.32301
6.31505
6.29644
6.26881
6.23745
6.2078
6.17887
6.15073
6.13449
6.13043
6.12756
6.12918
6.13392
6.14273
6.15774
6.17804
6.19685
6.22487
6.25055
6.27518
6.30944
6.33422
6.35385
6.37083
6.38581
6.40038
6.40638
6.40908
6.40452
6.39453
6.3846
6.36524
6.3348
6.30104
6.27041
6.24714
6.2255
6.21738
6.21997
6.23229
6.25809
6.28583
6.31764
6.3497
6.37475
6.39511
6.4134
6.43275
6.4457
6.45712
6.45662
6.4582
6.4555
6.44543
6.42846
6.40498
6.38125
6.35981
6.33066
6.30068
6.26777
6.23554
6.19808
6.15911
6.11207
6.066
6.0206
5.97079
5.92531
5.88082
5.83612
5.80173
5.76761
5.75573
5.74974
5.76751
5.79782
5.8344
5.8833
5.9378
6.00114
6.06383
6.13093
6.19744
6.265
6.32218
6.37763
6.41457
6.43989
6.44478
6.4314
6.40568
6.36953
6.33234
6.29924
6.27837
6.2725
6.28154
6.30903
6.34528
6.38149
6.4173
6.44198
6.45077
6.42774
6.38303
6.31525
6.23145
6.13423
6.04536
5.96246
5.8991
5.85389
5.83195
5.8358
5.86817
5.92235
5.99631
6.0963
6.20087
6.30504
6.40661
6.48393
6.5442
6.58216
6.59152
6.56907
6.52868
6.47023
6.39542
6.32067
6.24582
6.18089
6.11704
6.07135
6.04315
6.02858
6.03259
6.04385
6.07273
6.0983
6.13094
6.15898
6.1787
6.19143
6.19997
6.20146
6.19137
6.18163
6.16608
6.14582
6.11942
6.09792
6.07582
6.05637
6.04977
6.04507
6.05573
6.07095
6.0892
6.12082
6.16105
6.20547
6.25672
6.31253
6.36454
6.41996
6.47202
6.51693
6.54204
6.55439
6.54259
6.50754
6.46063
6.40339
6.33927
6.27168
6.20985
6.1434
6.09446
6.05567
6.02669
6.01983
6.02471
6.0456
6.07455
6.1131
6.15962
6.20318
6.24342
6.27858
6.29435
6.30011
6.28431
6.25583
6.22423
6.18669
6.14795
6.11505
6.08906
6.07133
6.06605
6.56336
6.79053
7.22224
7.75367
8.03732
7.87846
7.42167
6.90362
6.5308
6.41286
6.51447
6.71006
6.8973
7.05565
7.15773
7.22385
7.30015
7.43211
7.56276
7.6163
7.61079
7.62813
7.71509
7.86364
8.05668
8.25402
8.39224
8.41353
8.32111
8.17828
8.07515
8.0377
8.09582
8.24281
8.45575
8.68538
8.87895
9.00805
9.05198
9.01828
8.91517
8.7747
8.62424
8.48305
8.3714
8.28359
8.22674
8.19079
8.16766
8.1486
8.12563
8.06966
7.96195
7.79057
7.58889
7.40814
7.26661
7.1783
7.14091
7.14319
7.17921
7.24019
7.31432
7.38664
7.45701
7.52189
7.58011
7.64773
7.73227
7.81909
7.90965
7.98848
8.05161
8.09474
8.10463
8.09707
8.07462
8.05369
8.03989
8.04262
8.05806
8.09358
8.13687
8.17831
8.19867
8.19955
8.176
8.13745
8.08558
8.01135
7.9321
7.85019
7.77187
7.70463
7.64974
7.60946
7.58481
7.57895
7.59852
7.63635
7.70132
7.78723
7.88125
7.96735
8.04512
8.10669
8.14778
8.18151
8.20518
8.22168
8.2236
8.21919
8.20933
8.19496
8.17833
8.15809
8.14785
8.1401
8.14144
8.14521
8.16503
8.19437
8.23164
8.27248
8.30132
8.3171
8.3151
8.28749
8.23202
8.15293
8.05411
7.94571
7.83577
7.73279
7.65407
7.58602
7.54536
7.52468
7.5278
7.54956
7.58812
7.63386
7.69209
7.75951
7.82864
7.90539
7.96532
8.02417
8.07012
8.1042
8.11533
8.11847
8.10944
8.08644
8.06511
8.03391
7.99662
7.94871
7.89325
7.83129
7.77243
7.71916
7.68082
7.66744
7.6816
7.72489
7.7906
7.87039
7.95258
8.02751
8.09136
8.13853
8.16212
8.15783
8.12521
8.06377
7.98534
7.89785
7.82349
7.77146
7.75346
7.77388
7.81434
7.87795
7.95463
8.03482
8.12184
8.18963
8.24096
8.27624
8.29002
8.28666
8.26453
8.23419
8.18793
8.13658
8.07191
8.00691
7.93375
7.85952
7.78654
7.72093
7.66882
7.63353
7.62165
7.63705
7.67639
7.74212
7.82989
7.93278
8.03403
8.11911
8.18366
8.21797
8.21434
8.17901
8.11971
8.04321
7.96408
7.88221
7.81366
7.76194
7.7283
7.70638
7.70079
7.70323
7.71383
7.72242
7.73796
7.74809
7.75042
7.74828
7.74674
7.75729
7.77961
7.83547
7.91191
8.00813
8.12147
8.23953
8.34567
8.4352
8.48099
8.49083
8.46304
8.41611
8.35705
8.29817
8.25413
8.22468
8.21181
8.20792
8.21128
8.21027
8.20369
8.19004
8.15894
8.1082
8.04577
7.97828
7.91793
7.8714
7.83827
7.82591
7.83125
7.84596
7.86435
7.88158
7.89623
7.88822
7.86228
7.82496
7.77612
7.72773
7.67841
7.63798
7.60713
7.59075
7.58391
7.59178
7.615
7.64111
7.67184
7.70646
7.7401
7.77322
7.79862
7.81294
7.81386
7.80725
7.79697
7.78634
7.77868
7.76637
7.76773
7.77623
7.79466
7.82824
7.8731
7.93096
7.99667
8.06933
8.15327
8.24816
8.34497
8.43903
8.52676
8.60149
8.64773
8.66864
8.65758
8.60415
8.51027
8.38411
8.23454
8.06555
7.90164
7.75012
7.62148
7.51767
7.45269
7.42872
7.44951
7.51271
7.60421
7.72166
7.85021
7.97125
8.07088
8.14889
8.19759
8.2287
8.23964
8.22052
8.17933
8.12547
8.06569
8.00809
7.96816
7.94817
7.96105
8.00096
8.06255
8.12956
8.19573
8.24167
8.25041
8.21912
8.14502
8.0354
7.90194
7.76438
7.62498
7.49037
7.38026
7.29136
7.2373
7.21105
7.23169
7.28347
7.37719
7.50544
7.66008
7.82651
7.99746
8.1504
8.27688
8.36758
8.41586
8.41381
8.37624
8.3244
8.26774
8.2156
8.18847
8.18343
8.20235
8.23145
8.2587
8.26822
8.24202
8.18821
8.10381
8.00826
7.9145
7.8348
7.78143
7.75878
7.77226
7.80399
7.84485
7.88949
7.90953
7.92173
7.9186
7.89945
7.86732
7.83567
7.81063
7.7982
7.98154
8.02847
8.11475
8.22608
8.35589
8.49342
8.6254
8.73818
8.82142
8.8676
8.86955
8.84567
8.79495
8.73482
8.67101
8.61145
8.56781
8.53893
8.52808
8.53958
8.57348
8.62613
8.68653
8.74465
8.79788
8.83653
8.86235
8.87398
8.86736
8.84509
8.80988
8.76921
8.72174
8.67804
8.65035
8.62911
8.62391
8.63424
8.64933
8.67263
8.68501
8.68982
8.67697
8.65163
8.60937
8.56313
8.51647
8.47832
8.45533
8.45114
8.47768
8.53203
8.60795
8.6996
8.78559
8.86503
8.93205
8.97553
8.99177
8.97924
8.94536
8.88404
8.80015
8.69536
8.58031
8.4635
8.36893
8.29124
8.24935
8.24506
8.27633
8.32723
8.39702
8.48769
8.57531
8.65753
8.73864
8.80056
8.84178
8.86129
8.85263
8.82964
8.79362
8.74781
8.7128
8.70068
8.7195
8.76268
8.83029
8.89613
8.96822
9.01882
9.05537
9.06777
9.06801
9.04297
9.00838
8.95867
8.90018
8.83552
8.77807
8.72741
8.69063
8.66556
8.64621
8.63245
8.61749
8.60957
8.60362
8.59962
8.60334
8.60923
8.61954
8.63456
8.6485
8.65491
8.65064
8.62998
8.59815
8.55825
8.51517
8.47055
8.42528
8.38717
8.3541
8.33626
8.33022
8.3301
8.34877
8.36849
8.39223
8.41055
8.4292
8.45617
8.49526
8.54225
8.60147
8.671
8.74692
8.8266
8.90426
8.98056
9.04857
9.10682
9.1464
9.16414
9.15404
9.12003
9.0642
9.00099
8.92023
8.84137
8.77427
8.71502
8.66416
8.6248
8.60303
8.59962
8.61146
8.64615
8.69041
8.74851
8.80334
8.85337
8.88504
8.90196
8.89401
8.86762
8.82408
8.7703
8.70204
8.61855
8.5158
8.38993
8.24686
8.09706
7.95698
7.83778
7.76042
7.72503
7.74122
7.80863
7.93471
8.09131
8.26295
8.44128
8.60834
8.75947
8.88163
8.97424
9.03405
9.05602
9.03492
8.97626
8.88277
8.77043
8.65436
8.54085
8.4488
8.38042
8.3419
8.32895
8.34644
8.38408
8.43681
8.50735
8.59967
8.70296
8.81546
8.91981
9.01664
9.09943
9.15891
9.19233
9.18925
9.16817
9.12449
9.06749
9.00256
8.92991
8.85222
8.77545
8.6954
8.63511
8.59163
8.58213
8.59637
8.63833
8.70888
8.79529
8.88778
8.97691
9.04471
9.07306
9.05203
8.9818
8.85463
8.69004
8.50232
8.30483
8.11165
7.94799
7.82143
7.74395
7.71417
7.74259
7.82563
7.96695
8.14795
8.36459
8.59546
8.82839
9.04382
9.21032
9.30539
9.32979
9.28538
9.1796
9.03705
8.89699
8.75431
8.63837
8.54719
8.4953
8.4696
8.47005
8.48836
8.51659
8.54935
8.58021
8.60212
8.61704
8.63098
8.64153
8.65059
8.66912
8.70097
8.74381
8.79692
8.85253
8.90404
8.94494
8.97497
8.98185
8.98331
8.97073
8.95771
8.95178
8.94921
8.94937
8.94398
8.91649
8.86616
8.78905
8.68345
8.55616
8.42407
8.30663
8.21396
8.15072
8.12499
8.13557
8.18146
8.25231
8.35242
8.47309
8.59694
8.72449
8.85256
8.96226
9.05316
9.11476
9.14302
9.14149
9.11087
9.05764
8.9926
8.91654
8.84593
8.77821
8.71593
8.66226
8.61745
8.58464
8.55777
8.54451
8.54508
8.56408
8.60447
8.66742
8.73735
8.8051
8.86286
8.9032
8.91811
8.90949
8.88107
8.83096
8.76854
8.70656
8.64169
8.59215
8.55213
8.52031
8.50456
8.50409
8.50846
8.53783
8.57572
8.63304
8.69558
8.75712
8.80733
8.82777
8.81603
8.76206
8.67574
8.56609
8.45819
8.36294
8.28773
8.24792
8.2428
8.26748
8.31404
8.38238
8.464
8.55236
8.6427
8.72586
8.80034
8.86256
8.89865
8.90815
8.88355
8.82414
8.72307
8.59475
8.45409
8.31507
8.18217
8.08367
8.01901
7.99951
8.0242
8.08682
8.19915
8.34046
8.50249
8.67775
8.84233
8.9954
9.12502
9.23156
9.29672
9.32052
9.30739
9.26059
9.18764
9.08345
9.13292
9.0585
9.014
9.00784
9.0471
9.12637
9.24378
9.37238
9.50697
9.62101
9.71003
9.76994
9.79604
9.79601
9.7785
9.73981
9.69028
9.63441
9.56937
9.49087
9.37567
9.2422
9.08903
8.93268
8.79205
8.69511
8.64717
8.65211
8.70265
8.79676
8.92723
9.07006
9.21318
9.33574
9.42941
9.48546
9.49492
9.47379
9.40939
9.31598
9.22585
9.14104
9.07843
9.04514
9.04134
9.07358
9.13168
9.22293
9.32649
9.45224
9.57937
9.69695
9.80376
9.88428
9.93219
9.94456
9.92073
9.84727
9.73394
9.59514
9.43511
9.26592
9.12067
9.01646
8.95824
8.94951
8.99775
9.07818
9.1737
9.27919
9.3695
9.44803
9.50906
9.55978
9.61493
9.66583
9.7082
9.73792
9.74642
9.72551
9.67518
9.60291
9.51678
9.43525
9.37362
9.33013
9.31372
9.31992
9.33809
9.3691
9.3962
9.40835
9.40136
9.37834
9.35469
9.32974
9.30985
9.30076
9.30799
9.32558
9.34473
9.36285
9.37094
9.36359
9.34764
9.31965
9.28154
9.24293
9.20219
9.18118
9.17941
9.19632
9.24039
9.3139
9.40792
9.52547
9.66264
9.80769
9.94887
10.0684
10.1422
10.159
10.1113
9.99715
9.82734
9.62456
9.41572
9.22244
9.07548
8.98871
8.95929
8.98724
9.06195
9.16489
9.28597
9.40153
9.49287
9.53811
9.52267
9.44092
9.3084
9.1414
8.96409
8.80648
8.68036
8.60039
8.56574
8.58542
8.65128
8.75221
8.88032
9.02037
9.1574
9.27654
9.37314
9.43487
9.47486
9.48325
9.48784
9.46841
9.44604
9.42581
9.4027
9.38379
9.3639
9.34434
9.33257
9.31373
9.29908
9.29521
9.30758
9.34551
9.40834
9.49279
9.59846
9.72465
9.85275
9.96906
10.0661
10.1284
10.1391
10.0999
10.0082
9.87568
9.72179
9.56884
9.43766
9.32767
9.2541
9.21632
9.2077
9.22091
9.24744
9.27987
9.30974
9.33265
9.3437
9.34372
9.33236
9.31659
9.29401
9.27993
9.267
9.25258
9.22404
9.17462
9.10989
9.0295
8.96293
8.91448
8.89769
8.92034
8.98896
9.09071
9.20788
9.32179
9.42993
9.50749
9.55596
9.56956
9.54716
9.49365
9.42796
9.3576
9.29789
9.25606
9.24926
9.27275
9.32212
9.39002
9.47213
9.54964
9.61364
9.65421
9.67782
9.69139
9.7064
9.73137
9.77677
9.8265
9.86613
9.88673
9.87562
9.82551
9.74377
9.65166
9.5512
9.46537
9.39606
9.35833
9.34633
9.36905
9.41764
9.48936
9.5744
9.65586
9.72179
9.75607
9.74359
9.67956
9.56345
9.39944
9.20938
9.01365
8.81852
8.65132
8.51822
8.43593
8.41327
8.4346
8.5064
8.62312
8.77143
8.94858
9.13967
9.3321
9.52201
9.67906
9.79778
9.86468
9.87272
9.83153
9.75195
9.6445
9.52621
9.41637
9.32819
9.262
9.23723
9.24275
9.29313
9.36936
9.46537
9.56722
9.66646
9.74716
9.79803
9.81942
9.80841
9.77919
9.73218
9.67832
9.62011
9.56646
9.52738
9.4988
9.48158
9.46978
9.45926
9.4405
9.40447
9.35529
9.29589
9.23811
9.19219
9.16113
9.16434
9.19748
9.26747
9.37656
9.50223
9.63107
9.74759
9.82769
9.86418
9.84656
9.78706
9.69622
9.58791
9.47339
9.38278
9.30804
9.26239
9.24194
9.23435
9.23598
9.22118
9.1917
9.15149
9.10437
9.06656
9.03411
9.02007
9.01366
8.99743
8.96695
8.92294
8.87153
8.8341
8.82366
8.86322
8.95595
9.10246
9.28498
9.4963
9.69899
9.86428
9.9662
9.99307
9.95258
9.87066
9.77119
9.67357
9.59177
9.53474
9.51193
9.51929
9.5499
9.60316
9.66877
9.72606
9.77334
9.80708
9.82042
9.80823
9.77301
9.72471
9.66451
9.6034
9.55419
9.51386
9.48556
9.46985
9.46769
9.47363
9.49617
9.51421
9.51959
9.50894
9.47745
9.42306
9.34528
9.25551
9.15482
9.05435
8.95832
8.87208
8.81012
8.76633
8.75412
8.70974
8.74793
8.80321
8.8644
8.92163
8.97382
9.01339
9.04656
9.06657
9.07825
9.08347
9.08093
9.07009
9.06952
9.07972
9.10068
9.12743
9.15962
9.1757
9.17328
9.1441
9.09411
9.01963
8.93298
8.85027
8.77127
8.72446
8.71965
8.74014
8.80779
8.89223
9.00876
9.14023
9.27553
9.39919
9.49483
9.55579
9.57466
9.55367
9.49245
9.40871
9.29834
9.18977
9.10269
9.03759
9.01316
9.03663
9.10346
9.19323
9.29397
9.37146
9.41817
9.41945
9.37888
9.30896
9.22279
9.13273
9.05032
8.98493
8.93007
8.89172
8.8713
8.86688
8.87683
8.90602
8.95638
9.01
9.07195
9.12641
9.1596
9.16898
9.1371
9.07449
8.99547
8.91886
8.86395
8.85372
8.88293
8.96227
9.07683
9.21682
9.358
9.4807
9.56704
9.59249
9.55352
9.45299
9.31308
9.15819
9.00844
8.88886
8.80899
8.76849
8.77104
8.7947
8.83904
8.88299
8.92055
8.94486
8.9561
8.96187
8.97886
9.00206
9.04008
9.09569
9.16779
9.26018
9.3463
9.42503
9.48101
9.50381
9.48157
9.42107
9.31298
9.17665
9.02631
8.88525
8.76916
8.69834
8.67072
8.69942
8.77112
8.87948
9.00005
9.10825
9.20158
9.25712
9.28543
9.29255
9.29129
9.28266
9.26572
9.23824
9.21322
9.19078
9.18407
9.19489
9.217
9.25113
9.28379
9.30724
9.32296
9.33318
9.33993
9.34785
9.34389
9.32335
9.29115
9.24731
9.19551
9.14548
9.10791
9.07402
9.04074
8.99855
8.95744
8.90867
8.87054
8.84178
8.83951
8.86854
8.9163
8.9862
9.06587
9.13357
9.19638
9.23919
9.276
9.30297
9.32888
9.34544
9.36357
9.38736
9.41389
9.4361
9.4516
9.45357
9.43451
9.39585
9.33082
9.25121
9.15322
9.05134
8.94711
8.84362
8.74144
8.65707
8.59196
8.56112
8.57834
8.63878
8.73326
8.86213
9.01316
9.16946
9.3093
9.41987
9.48696
9.50943
9.48709
9.43029
9.3424
9.24031
9.14133
9.05863
8.99541
8.95457
8.94165
8.942
8.94613
8.9454
8.94176
8.93188
8.92189
8.90579
8.89013
8.88499
8.89292
8.91062
8.94671
9.00136
9.07007
9.15773
9.25567
9.34147
9.40983
9.45098
9.45042
9.42241
9.37093
9.30736
9.24575
9.19647
9.17204
9.16429
9.1797
9.20887
9.22623
9.228
9.20577
9.15782
9.08799
9.00962
8.93102
8.85902
8.79918
8.7451
8.69671
8.67037
8.66623
8.70008
8.76564
8.85286
8.96136
9.07769
9.19072
9.29242
9.37497
9.42716
9.44295
9.43335
9.39409
9.34042
9.27022
9.20145
9.14035
9.10797
9.09257
9.0948
9.10492
9.11761
9.13358
9.13731
9.14157
9.13166
9.11654
9.10696
9.09245
9.08864
9.09757
9.11832
9.15128
9.18532
9.2188
9.25168
9.27663
9.30057
9.32182
9.33418
9.33836
9.33401
9.31646
9.28169
9.23443
9.17768
9.11869
9.05813
9.01059
8.98366
8.98137
8.99043
9.01099
9.03569
9.06415
9.09092
9.12577
9.16444
9.2082
9.25492
9.30059
9.32867
9.3448
9.3423
9.31352
9.27858
9.23896
9.19666
9.15579
9.12304
9.10118
9.088
9.07533
9.0532
9.02547
8.97314
8.89798
8.81631
8.74167
8.69326
8.68649
8.71228
8.77875
8.87063
8.97331
9.07827
9.1636
9.22179
9.25586
9.26714
9.2533
9.22679
9.19629
9.17348
9.15671
9.16798
9.1961
9.22988
9.26326
9.29274
9.30233
9.30066
9.27756
9.24719
9.21226
9.17822
9.15121
9.13881
9.14724
9.17394
9.22408
9.29107
9.3574
9.41504
9.44678
9.44411
9.4001
9.3161
9.19917
9.06505
8.91494
8.77864
8.66635
8.59501
8.57352
8.60032
8.67035
8.77226
8.88782
8.99639
9.08698
9.14864
9.17385
9.16625
9.1409
9.09618
9.03687
8.98148
8.92461
8.86738
8.81318
8.77014
8.73754
8.71672
8.71284
8.72791
8.76627
8.81674
8.88454
8.96439
9.05708
9.22965
9.34441
9.45661
9.56292
9.66216
9.76395
9.85294
9.93149
9.97666
9.99571
9.96594
9.90193
9.80928
9.69383
9.5773
9.46148
9.36498
9.29
9.23977
9.2091
9.20332
9.21492
9.24354
9.28249
9.31811
9.34154
9.34247
9.30821
9.24931
9.17161
9.08523
9.00372
8.92944
8.87126
8.83312
8.83089
8.85568
8.91752
9.00787
9.12608
9.26587
9.40966
9.55048
9.67474
9.77017
9.83171
9.85811
9.84258
9.78429
9.70712
9.61335
9.52181
9.44578
9.39904
9.38348
9.38898
9.41749
9.44526
9.46729
9.46879
9.44088
9.3762
9.27769
9.16247
9.04794
8.9338
8.83989
8.7777
8.73788
8.72745
8.74178
8.78147
8.83416
8.90541
8.98998
9.09715
9.22308
9.36831
9.52722
9.69207
9.85365
10.0014
10.1192
10.1913
10.2039
10.1514
10.0416
9.88552
9.70615
9.51981
9.33899
9.18413
9.06408
8.98594
8.96142
8.97236
9.01794
9.08066
9.15921
9.23647
9.29588
9.33674
9.36058
9.37642
9.38363
9.37969
9.36725
9.34367
9.29878
9.23775
9.16249
9.09059
9.03058
8.99048
8.98485
9.00559
9.05894
9.13549
9.22042
9.30478
9.36708
9.40724
9.42541
9.42097
9.40685
9.39228
9.38043
9.37443
9.35825
9.34084
9.32076
9.30409
9.29547
9.30526
9.3421
9.40769
9.49619
9.59679
9.69219
9.77492
9.81326
9.8033
9.74659
9.65848
9.55841
9.46085
9.37573
9.31196
9.26981
9.24139
9.22318
9.20719
9.19779
9.19227
9.1882
9.18482
9.1831
9.18203
9.18223
9.18825
9.21122
9.24192
9.28681
9.33537
9.38068
9.41174
9.42454
9.41175
9.37712
9.32108
9.255
9.19006
9.13838
9.09525
9.07104
9.05831
9.05173
9.05498
9.06245
9.07748
9.08786
9.10511
9.12221
9.15074
9.18798
9.23635
9.28814
9.34789
9.41697
9.48338
9.55169
9.6217
9.68277
9.72919
9.7511
9.75615
9.74286
9.70181
9.64613
9.56913
9.48925
9.39864
9.31397
9.23011
9.16179
9.10525
9.06286
9.04405
9.04243
9.06419
9.10982
9.17734
9.27066
9.3735
9.48277
9.58507
9.66436
9.7174
9.73054
9.71361
9.67923
9.62165
9.55085
9.4811
9.41165
9.3554
9.31186
9.28033
9.26671
9.26174
9.25992
9.25723
9.24608
9.23834
9.23577
9.24379
9.26483
9.29271
9.32844
9.35161
9.35987
9.33839
9.3004
9.24021
9.17136
9.09367
9.02486
8.96998
8.93371
8.92281
8.9398
8.98201
9.03627
9.09982
9.1569
9.20846
9.24556
9.27166
9.28322
9.28595
9.29236
9.30138
9.32471
9.35498
9.38377
9.42645
9.45828
9.47615
9.48846
9.4883
9.47255
9.4519
9.43054
9.40828
9.38781
9.36564
9.35228
9.34314
9.33118
9.31201
9.29389
9.28182
9.2757
9.28082
9.31207
9.35285
9.40431
9.45798
9.50748
9.54556
9.57062
9.57507
9.56485
9.53077
9.47887
9.41554
9.35807
9.31472
9.28775
9.29061
9.31471
9.35828
9.41173
9.46568
9.51054
9.54522
9.56967
9.58466
9.59653
9.60755
9.62066
9.62925
9.64179
9.65199
9.65219
9.64462
9.61509
9.57042
9.51811
9.44542
9.36102
9.25819
9.15256
9.06599
8.9914
8.94088
8.92703
8.93423
8.96561
9.00956
9.05758
9.09798
9.12611
9.14509
9.15628
9.17744
9.20062
9.23747
9.29024
9.34384
9.39437
9.42689
9.45017
9.45147
9.44466
9.43137
9.41721
9.40335
9.40069
9.39976
9.40105
9.39382
9.38059
9.33875
9.28086
9.21884
9.15602
9.10516
9.06061
9.03288
9.03532
9.06348
9.1181
9.18091
9.24733
9.29719
9.32988
9.34525
9.35288
9.34969
9.34592
9.35456
9.37357
9.40682
9.45027
9.50516
9.55755
9.59748
9.62791
9.63545
9.62411
9.59141
9.55638
9.52938
9.51274
9.50958
9.51573
9.51174
9.49146
9.45275
9.39858
9.34461
9.29911
9.26087
9.2248
9.18904
9.14002
9.09185
9.03708
8.98537
8.92862
8.91266
8.91178
8.93069
8.95688
8.99022
9.01791
9.04545
9.06653
9.07327
9.06495
9.03726
8.99223
8.93359
8.8693
8.81666
8.78298
8.78096
8.81374
8.87286
8.96017
9.0538
9.16081
9.27662
9.39423
9.51323
9.63787
9.7523
9.85678
9.92996
9.95886
9.93847
9.85628
9.72309
9.55002
9.37159
9.19288
9.04139
8.92936
8.86323
8.84711
8.86695
8.92271
8.99311
9.06432
9.12115
9.15842
9.16629
9.1542
9.13653
9.11973
9.11837
9.12794
9.14901
9.17961
9.21911
9.27374
9.34138
9.4187
9.50618
9.58524
9.65771
9.70002
9.71566
9.69441
9.63986
9.5537
9.45569
9.35743
9.26959
9.20039
9.13782
9.08356
9.03639
8.98617
8.93382
8.88568
8.84223
8.81094
8.79896
8.81895
8.85856
8.91985
8.99465
9.07872
9.15487
9.20942
9.24084
9.24727
9.2485
9.24477
9.24609
9.25651
9.26434
9.2765
9.2837
9.28207
9.27497
9.27323
9.2792
9.30326
9.34478
9.39489
9.4495
9.49273
9.51562
9.52213
9.5045
9.47482
9.4346
9.40252
9.37495
9.36065
9.35152
9.34876
9.34799
9.33749
9.32093
9.29525
9.26285
9.21805
9.16841
9.11672
9.06644
9.02009
8.97858
8.94344
8.9185
8.90346
8.90644
8.92899
8.97667
9.04053
9.1244
9.21426
9.29866
9.37381
9.43968
9.48937
9.52493
9.5448
9.56606
9.58984
9.60703
9.61379
9.61016
9.58893
9.52954
9.44003
9.32112
9.17956
9.04261
8.92755
8.86071
8.83955
8.85402
8.89882
8.955
9.01029
9.05867
9.09035
9.11735
9.12764
9.14254
9.15735
9.17678
9.19211
9.19505
9.18418
9.14991
9.11686
9.07781
9.05119
9.04168
9.0564
9.10978
9.19196
9.30293
9.43291
9.56739
9.69181
9.78613
9.83676
9.83662
9.78492
9.68979
9.56329
9.42365
9.27884
9.14889
9.05297
8.9986
8.99245
9.02602
9.10241
9.20636
9.32502
9.45209
9.56239
9.63835
9.67487
9.66719
9.61956
9.54261
9.44641
9.35178
9.25714
9.16994
9.09345
9.01782
8.95092
8.88793
8.81523
8.74066
8.67298
8.61948
8.57759
8.55498
8.55284
8.5675
8.61125
8.6703
8.75462
8.85661
8.98119
9.11518
9.24761
9.36775
9.47371
9.5535
9.60322
9.634
9.63695
9.6208
9.58415
9.52955
9.44982
9.3498
9.23869
9.12516
9.02052
8.93374
8.87172
8.83792
8.83553
8.86509
8.92295
8.99194
9.07199
9.14987
9.22845
9.29705
9.34956
9.38932
9.40464
9.4143
9.41965
9.42192
9.42303
9.41579
9.40876
9.40722
9.41793
9.44422
9.47817
9.5225
9.56988
9.61077
9.63615
9.6377
9.62199
9.60266
9.58438
9.57024
9.5619
9.56095
9.55381
9.54274
9.52019
9.48281
9.4306
9.36422
9.28639
9.2069
9.13063
9.05389
8.99521
8.96054
8.94934
8.97002
9.00847
9.06235
9.10923
9.13759
9.13705
9.11116
9.06885
9.01799
8.96585
8.92576
8.89447
8.88613
8.89303
8.92147
8.97011
9.02369
9.07392
9.11095
9.1367
9.14861
9.1582
9.18513
9.23613
9.31234
9.41204
9.51321
9.60938
9.68648
9.73569
9.74542
9.7207
9.64947
9.5396
9.40221
9.25965
9.1129
8.98914
8.89039
8.82993
8.7989
8.81023
8.84084
8.8865
8.93486
8.98407
9.02248
9.0481
9.06999
9.08962
9.11302
9.15019
9.20575
9.29029
9.39148
9.51026
9.62
9.69397
9.71746
9.67951
9.59164
9.46003
9.30964
9.16936
9.04684
8.95629
8.90291
8.88656
8.89158
8.91918
8.95217
8.989
9.03387
9.08657
9.15022
9.22267
9.29694
9.37639
9.45616
9.52169
9.5678
9.5764
9.55785
9.50762
9.43013
9.34806
9.25943
9.18342
9.12552
9.08515
9.07618
9.09104
9.11647
9.14856
9.17384
9.1832
9.16948
9.13095
9.06976
8.99449
8.91466
8.84413
8.79661
8.78476
8.80774
8.87403
8.97435
9.10208
9.23815
9.3752
9.49742
9.70799
9.80312
9.85571
9.86428
9.82464
9.74867
9.65517
9.57963
9.52233
9.49178
9.47723
9.48198
9.49798
9.50714
9.5091
9.49784
9.48913
9.48069
9.47039
9.46473
9.47111
9.49625
9.52958
9.57438
9.62845
9.68022
9.71394
9.73101
9.72363
9.70445
9.67842
9.64269
9.61621
9.59734
9.58691
9.57914
9.57406
9.56397
9.55405
9.54228
9.51779
9.494
9.45856
9.42996
9.41624
9.43029
9.46459
9.53084
9.62427
9.7427
9.86304
9.97833
10.0702
10.1282
10.145
10.11
10.024
9.90179
9.74397
9.56049
9.36639
9.1828
9.02731
8.91323
8.8615
8.86157
8.91362
9.0063
9.12659
9.25855
9.38489
9.49372
9.58737
9.6711
9.74057
9.80371
9.86024
9.91307
9.95445
9.98152
9.99138
9.9753
9.94635
9.90664
9.87366
9.85784
9.85738
9.87356
9.89053
9.90833
9.91308
9.90226
9.87241
9.82387
9.76056
9.68307
9.5867
9.47775
9.36802
9.25568
9.15376
9.07819
9.02787
9.0095
9.02745
9.07626
9.1455
9.22354
9.3005
9.365
9.41419
9.439
9.4508
9.45306
9.45299
9.4691
9.49862
9.54873
9.61566
9.69019
9.75387
9.79689
9.8139
9.81037
9.79288
9.76415
9.72232
9.673
9.61616
9.55047
9.47909
9.41176
9.35031
9.31212
9.29098
9.29994
9.32845
9.3895
9.47602
9.58126
9.70542
9.83978
9.96416
10.0676
10.1335
10.164
10.1606
10.1158
10.0348
9.92861
9.80597
9.68026
9.56126
9.45357
9.37499
9.32263
9.29021
9.28399
9.30615
9.34423
9.40512
9.48072
9.56982
9.66216
9.74519
9.81342
9.85292
9.85772
9.82147
9.75063
9.64124
9.49978
9.35429
9.22511
9.13599
9.09694
9.12084
9.19646
9.3204
9.47014
9.60993
9.72422
9.79088
9.80581
9.78474
9.73238
9.6564
9.57493
9.49792
9.42698
9.36885
9.32139
9.27884
9.24113
9.20608
9.18233
9.18453
9.23143
9.33639
9.49748
9.69798
9.90974
10.0982
10.2417
10.3124
10.3086
10.2417
10.1413
10.027
9.89998
9.7668
9.63734
9.52705
9.43052
9.35137
9.29871
9.2556
9.22763
9.20164
9.18922
9.19074
9.20625
9.24356
9.29179
9.34341
9.39041
9.44075
9.48585
9.51118
9.51472
9.48195
9.43305
9.37144
9.29304
9.23313
9.19255
9.17848
9.19517
9.231
9.28947
9.36909
9.45837
9.5535
9.65561
9.74852
9.83215
9.88858
9.91916
9.92352
9.90104
9.8533
9.78541
9.70201
9.61922
9.54527
9.47193
9.41621
9.37044
9.34967
9.35131
9.37736
9.42159
9.49033
9.56915
9.65597
9.73294
9.78632
9.80334
9.77887
9.72759
9.64865
9.56138
9.47639
9.40149
9.34775
9.31271
9.31088
9.33187
9.36421
9.41298
9.46021
9.50519
9.54646
9.5745
9.58784
9.58482
9.56067
9.5231
9.46536
9.40407
9.35369
9.32165
9.31151
9.33481
9.37436
9.43935
9.50305
9.56746
9.62571
9.67997
9.73395
9.77525
9.80637
9.82682
9.83612
9.84924
9.85126
9.85281
9.84866
9.82389
9.78418
9.71181
9.62667
9.53593
9.45555
9.39064
9.33958
9.29426
9.25273
9.21183
9.16738
9.12927
9.09981
9.09507
9.11399
9.15586
9.22087
9.29732
9.38442
9.47447
9.56724
9.65258
9.71306
9.74803
9.74771
9.72199
9.67919
9.64713
9.63184
9.65878
9.70522
9.77358
9.83826
9.87378
9.8566
9.78072
9.64447
9.45801
9.25436
9.06927
8.92683
8.83641
8.81134
8.85717
8.95678
9.09671
9.27209
9.46804
9.65989
9.83162
9.95888
10.0335
10.0521
10.0217
9.95132
9.8673
9.78197
9.72059
9.68137
9.68136
9.71379
9.76925
9.8508
9.92937
9.99846
10.0482
10.0721
10.0695
10.0376
9.97922
9.9038
9.80079
9.68605
9.57581
9.48309
9.41559
9.36662
9.33684
9.31153
9.28052
9.2467
9.20468
9.15259
9.10233
9.06557
9.05645
9.07959
9.13517
9.222
9.33958
9.46153
9.6123
9.77089
9.91752
10.0233
10.0797
10.0784
10.0099
9.89187
9.72985
9.54627
9.36628
9.20086
9.05355
8.94997
8.89436
8.88219
8.91818
8.99742
9.11051
9.24547
9.37466
9.47099
9.51802
9.51676
9.46532
9.38142
9.29146
9.2191
9.18436
9.19643
9.25436
9.34363
9.43928
9.5221
9.57996
9.60642
9.60176
9.57788
9.55198
9.53498
9.53679
9.55609
9.58001
9.61365
9.65282
9.68423
9.70403
9.71431
9.69289
9.63327
9.54746
9.44451
9.34211
9.25713
9.19533
9.16353
9.15972
9.1835
9.2211
9.27173
9.33735
9.4037
9.46764
9.51501
9.54686
9.54079
9.50589
9.4327
9.3336
9.21048
9.07043
8.94446
8.84653
8.80833
8.82679
8.91281
9.04862
9.22635
9.41181
9.58423
9.71704
9.79276
9.81838
9.799
9.74623
9.67031
9.58867
9.51105
9.4347
9.36832
9.32073
9.29891
9.30203
9.34489
9.42181
9.52171
9.63464
9.74815
9.85378
9.94121
9.99756
10.0093
9.97701
9.89109
9.76618
9.60953
9.44439
9.29538
9.16087
9.06758
9.00156
8.97382
8.96675
8.98219
9.01099
9.05504
9.10821
9.18512
9.28801
9.39927
9.5117
9.61423
9.69935
9.75042
9.7735
9.76108
9.71404
9.62156
9.47702
9.29617
9.11344
8.95245
8.85101
8.82337
8.86105
8.9601
9.10459
9.26858
9.42761
9.55105
9.63852
9.69227
9.70499
9.6943
9.66654
9.63846
9.61593
9.59005
9.56242
9.52883
9.49078
9.44598
9.39931
9.34723
9.3107
9.28382
9.27673
9.2879
9.3039
9.32026
9.33258
9.34512
9.37181
9.4082
9.45823
9.50971
9.5402
9.54082
9.49089
9.39993
9.29546
9.19046
9.10144
9.0499
9.03498
9.05512
9.09657
9.15305
9.21973
9.29775
9.38599
9.47337
9.55394
9.62094
9.67373
9.69512
9.68392
9.64755
9.59672
9.55713
9.53887
9.55168
9.58762
9.62445
9.6411
9.63123
9.57722
9.48554
9.37034
9.25562
9.16141
9.10246
9.07638
9.09279
9.15237
9.22421
9.31441
9.39262
9.45152
9.48511
9.48944
9.4773
9.44147
9.38956
9.32742
9.26319
9.19786
9.13411
9.07012
9.01272
8.96401
8.94233
8.96155
9.01764
9.11353
9.23614
9.37927
9.5239
9.66411
9.78101
9.87584
9.93884
9.97101
9.97502
9.95831
9.93105
9.89386
9.84906
9.80666
9.7748
9.75318
9.73824
9.73269
9.72287
9.69611
9.65456
9.57801
9.47379
9.36103
9.24305
9.13611
9.05949
9.01622
9.01242
9.05707
9.14001
9.2475
9.36649
9.46483
9.52899
9.5486
9.51348
9.44392
9.35468
9.27479
9.20472
9.1566
9.12197
9.10595
9.09925
9.09734
9.11646
9.14902
9.19656
9.25963
9.34229
9.42672
9.4969
9.54971
9.58154
9.59875
9.60281
9.59533
9.5686
9.53696
9.50774
9.48141
9.46233
9.45352
9.45997
9.46653
9.4685
9.447
9.408
9.372
9.34705
9.34872
9.36586
9.40549
9.45911
9.51567
9.5631
9.6058
9.62809
9.63842
9.62294
9.57628
9.50959
9.42954
9.35843
9.30519
9.2751
9.27183
9.29718
9.33476
9.38459
9.43311
9.47871
9.51911
9.54687
9.55076
9.53372
9.48369
9.41448
9.31908
9.22355
9.13316
9.06276
9.02493
9.02934
9.07183
9.14311
9.21518
9.27733
9.32163
9.32682
9.30517
9.26347
9.21849
9.18668
9.1738
9.19084
9.22483
9.27353
9.31528
9.34764
9.36346
9.37313
9.37424
9.37551
9.38019
9.39887
9.42008
9.44516
9.46552
9.48904
9.50843
9.52046
9.52004
9.50743
9.48927
9.46332
9.42832
9.4002
9.37668
9.37517
9.38658
9.41009
9.44909
9.49594
9.55326
9.60997
9.65951
9.68736
9.69578
9.67961
9.64414
9.59724
9.54562
9.49426
9.44342
9.40525
9.37282
9.35414
9.34513
9.35342
9.36819
9.3817
9.38018
9.36104
9.30617
9.22846
9.13691
9.04906
8.98177
8.94066
8.94443
8.99104
9.08372
9.18409
9.33283
9.48929
9.63604
9.75548
9.83336
9.8593
9.82249
9.7292
9.57544
9.38207
9.16637
8.95339
8.7731
8.64024
8.5624
8.55399
8.60512
8.70714
8.85864
9.03205
9.20118
9.35177
9.45983
9.51498
9.51024
9.45918
9.37366
9.26575
9.15952
9.0625
8.99028
8.95879
8.97459
9.02124
9.10454
9.20179
9.30602
9.39421
9.46415
9.51148
9.53174
9.51903
9.48008
9.42286
9.35162
9.27464
9.20688
9.15022
9.10873
9.07691
9.06919
9.06869
9.0858
9.12477
9.18113
9.26353
9.35736
9.4497
9.5326
9.58599
9.60989
9.59518
9.55296
9.49304
9.42619
9.36212
9.30126
9.25844
9.23712
9.23468
9.23858
9.2545
9.26196
9.25568
9.23647
9.20205
9.15685
9.11571
9.0893
9.08619
9.10511
9.14455
9.20063
9.27157
9.33868
9.3915
9.41677
9.39778
9.32808
9.20742
9.06029
8.89717
8.75781
8.65478
8.59576
8.59025
8.63136
8.70953
8.82011
8.94221
9.07102
9.2034
9.33192
9.45099
9.55072
9.63038
9.68209
9.70314
9.68679
9.6474
9.57933
9.49555
9.40264
9.3185
9.25461
9.21512
9.21082
9.24829
9.32401
9.42797
9.54894
9.6682
9.77004
9.83992
9.87582
9.87157
9.84418
9.79378
9.73533
9.65995
9.56061
9.44641
9.31614
9.18177
9.05212
8.94354
8.85902
8.80138
8.76705
8.75745
8.76709
8.79733
8.83983
8.89
8.93639
8.98247
9.01986
9.04947
9.07867
9.09971
9.10954
9.10277
9.08246
9.04519
9.0036
8.96375
8.92939
8.90871
8.91301
8.94309
9.00203
9.08025
9.17909
9.28161
9.38495
9.47888
9.55477
9.60784
9.63863
9.63547
9.59653
9.53479
9.46034
9.38041
9.30382
9.23549
9.17876
9.1338
9.10659
9.08637
9.08279
9.08377
9.10086
9.12672
9.16309
9.21122
9.27174
9.34373
9.425
9.51067
9.5965
9.67301
9.72369
9.76024
9.76378
9.72652
9.65749
9.56337
9.44642
9.31168
9.17098
9.04085
8.9186
8.82632
8.76769
8.74758
8.76253
8.81163
8.87264
8.93197
8.98059
9.0011
9.003
8.98992
8.97985
8.97587
8.99645
9.02654
9.0657
9.10752
9.14872
9.17854
9.19783
9.21643
9.23064
9.25437
9.2859
9.32421
9.37767
9.43566
9.4978
9.54965
9.59451
9.63534
9.64927
9.64023
9.60517
9.54735
9.47087
9.38525
9.30462
9.23808
9.1922
9.18018
9.19948
9.24812
9.32531
9.41351
9.50555
9.58249
9.62014
9.61266
9.56662
9.49016
9.39677
9.30246
9.22447
9.17365
9.14501
9.14649
9.16139
9.18054
9.1969
9.1987
9.1813
9.14689
9.08854
9.01439
8.93327
8.86425
8.82165
8.82139
8.87052
8.96285
9.09243
9.24629
9.39982
9.54759
9.67022
9.75807
9.8024
9.79069
9.72014
9.58687
9.40157
9.1956
8.9831
8.79764
8.65055
8.55561
8.51543
8.52127
8.56546
8.63881
8.72937
8.83204
8.93972
9.04471
9.14521
9.2376
9.32091
9.38811
9.42971
9.44206
9.42713
9.3932
9.35054
9.30308
9.25902
9.22977
9.22462
9.25172
9.30273
9.37787
9.47022
9.56409
9.6528
9.71951
9.75133
9.75014
9.71812
9.66451
9.59039
9.50376
9.4075
9.30943
9.21986
9.1365
9.06418
9.01257
8.98191
8.96087
8.96062
8.97572
9.00361
9.04717
9.10849
9.17839
9.24914
9.32516
9.3904
9.42534
9.42594
9.3828
9.3071
9.19849
9.06053
8.91179
8.76771
8.6409
8.53921
8.46987
8.44515
8.4686
8.53565
8.64763
8.79966
8.98318
9.17126
9.35792
9.5121
9.62989
9.70827
9.74441
9.74277
9.71101
9.65908
9.59182
9.51799
9.44792
9.39221
9.35915
9.36843
9.40531
9.47331
9.55538
9.64586
9.71996
9.77006
9.78944
9.77588
9.73277
9.66969
9.59522
9.52148
9.44633
9.39075
9.35533
9.34099
9.34904
9.37187
9.40047
9.41461
9.41396
9.39527
9.35889
9.31112
9.27471
9.24363
