1.76816
1.76816
1.76816
1.76816
1.76816
1.76816
1.76816
1.76816
1.76816
1.76816
1.76816
1.76816
1.76815
1.76814
1.76814
1.76813
1.76811
1.76809
1.76807
1.76805
1.76803
1.768
1.76799
1.76796
1.76793
1.7679
1.76787
1.76784
1.76781
1.7678
1.76777
1.76774
1.76773
1.76771
1.76768
1.76766
1.76765
1.76763
1.76762
1.76761
1.76761
1.7676
1.76759
1.76756
1.76756
1.76755
1.76754
1.76753
1.76752
1.76752
1.76752
1.76751
1.76751
1.7675
1.76748
1.76747
1.76745
1.76745
1.76743
1.76742
1.76741
1.7674
1.76739
1.76739
1.76737
1.76736
1.76735
1.76735
1.76734
1.76734
1.76733
1.76732
1.76732
1.7673
1.76728
1.76727
1.76726
1.76726
1.76725
1.76725
1.76724
1.76723
1.76721
1.7672
1.76719
1.76718
1.76717
1.76715
1.76714
1.76713
1.76711
1.7671
1.76709
1.76708
1.76706
1.76705
1.76704
1.76703
1.76701
1.76701
1.76701
1.76702
1.76703
1.76704
1.76708
1.76713
1.7672
1.7673
1.76742
1.76753
1.76765
1.76775
1.7678
1.76778
1.76768
1.76748
1.76723
1.76697
1.76674
1.76658
1.76652
1.76655
1.76666
1.76682
1.76699
1.76713
1.76718
1.76714
1.76701
1.76681
1.7666
1.76646
1.76641
1.76648
1.76662
1.76682
1.76703
1.76723
1.76741
1.76752
1.76758
1.7676
1.76758
1.76756
1.76752
1.76748
1.76747
1.76747
1.76748
1.7675
1.76753
1.76753
1.76748
1.76737
1.7672
1.76698
1.76677
1.76658
1.76646
1.7664
1.76642
1.76649
1.76662
1.76677
1.76692
1.76709
1.76724
1.76736
1.76744
1.76747
1.76745
1.7674
1.76731
1.7672
1.76709
1.767
1.76693
1.7669
1.7669
1.76693
1.76697
1.76702
1.76707
1.76711
1.76715
1.76717
1.76717
1.76717
1.76718
1.76718
1.76718
1.76719
1.7672
1.76719
1.76719
1.76718
1.76717
1.76716
1.76716
1.76716
1.76717
1.76717
1.76717
1.76717
1.76716
1.76714
1.76711
1.76709
1.76706
1.76703
1.76701
1.76701
1.76701
1.76702
1.76704
1.76707
1.76711
1.76716
1.76722
1.76728
1.76734
1.7674
1.76744
1.76746
1.76746
1.76743
1.7674
1.76736
1.76735
1.76735
1.76738
1.76744
1.76753
1.76761
1.76767
1.76768
1.76762
1.76747
1.76724
1.76697
1.76671
1.7665
1.7664
1.7664
1.76652
1.76672
1.76698
1.76727
1.76759
1.76786
1.76803
1.76803
1.7678
1.76739
1.76691
1.76654
1.76635
1.76637
1.76654
1.7668
1.76713
1.76748
1.76784
1.76818
1.76845
1.76861
1.76861
1.76841
1.768
1.76745
1.76685
1.76636
1.76603
1.7659
1.76594
1.76611
1.76632
1.76656
1.76676
1.76693
1.76705
1.76713
1.76718
1.7672
1.7672
1.76718
1.76717
1.76716
1.76714
1.76713
1.76714
1.76714
1.76714
1.76715
1.76715
1.76715
1.76716
1.76716
1.76718
1.7672
1.76725
1.7673
1.76738
1.76748
1.76761
1.76776
1.76789
1.76799
1.76801
1.76791
1.76769
1.76738
1.7671
1.76687
1.76677
1.76677
1.76685
1.76694
1.76703
1.7671
1.76715
1.76718
1.76718
1.76716
1.76715
1.76713
1.76712
1.76713
1.76715
1.76718
1.76721
1.76723
1.76725
1.76724
1.7672
1.76717
1.76714
1.76712
1.76711
1.76713
1.76716
1.76719
1.76723
1.76725
1.76728
1.76729
1.7673
1.76728
1.76726
1.76723
1.76721
1.76719
1.76718
1.76717
1.76715
1.76715
1.76714
1.76714
1.76714
1.76714
1.76713
1.76713
1.76712
1.76714
1.76717
1.7672
1.76725
1.76732
1.76742
1.76754
1.76768
1.76782
1.76796
1.76808
1.76815
1.76813
1.76798
1.76769
1.7673
1.76687
1.76647
1.76619
1.76605
1.76604
1.76612
1.76627
1.76645
1.76662
1.76681
1.76698
1.76716
1.76733
1.76749
1.76763
1.76775
1.76784
1.76786
1.76781
1.7677
1.76756
1.51564
1.51551
1.51542
1.51538
1.51533
1.5153
1.51526
1.51522
1.5152
1.51519
1.5152
1.51522
1.51524
1.51527
1.51529
1.5153
1.51532
1.51533
1.51534
1.51534
1.51534
1.51536
1.51536
1.51537
1.51536
1.51536
1.51537
1.51537
1.51537
1.51538
1.51539
1.51539
1.51539
1.51541
1.51541
1.51542
1.51541
1.51542
1.51543
1.51543
1.51543
1.51544
1.51545
1.51547
1.51547
1.51549
1.51551
1.51553
1.51556
1.51558
1.5156
1.51561
1.5156
1.51558
1.51556
1.51553
1.51549
1.51546
1.51543
1.51541
1.51541
1.51542
1.51544
1.51546
1.51548
1.51549
1.5155
1.51548
1.51545
1.5154
1.51534
1.51528
1.51523
1.51518
1.51514
1.51513
1.51513
1.51515
1.51518
1.51524
1.51529
1.51534
1.51539
1.51541
1.51544
1.51545
1.51547
1.51549
1.51551
1.51552
1.51556
1.51559
1.51562
1.51563
1.51562
1.51558
1.51552
1.51543
1.51535
1.51526
1.5152
1.51516
1.51514
1.51515
1.51518
1.51524
1.51531
1.51539
1.51547
1.51552
1.51555
1.51555
1.51552
1.51546
1.51539
1.51532
1.51526
1.51521
1.51518
1.51516
1.51517
1.5152
1.51524
1.5153
1.51537
1.51544
1.51549
1.51555
1.51558
1.51559
1.51557
1.51552
1.51542
1.51532
1.51519
1.51508
1.515
1.51495
1.51494
1.51496
1.51502
1.5151
1.5152
1.5153
1.5154
1.5155
1.51559
1.51567
1.51573
1.51576
1.51575
1.51573
1.51569
1.51563
1.51558
1.51553
1.51549
1.51545
1.51541
1.51537
1.51535
1.51536
1.51539
1.51544
1.51552
1.51558
1.51563
1.51563
1.51559
1.51552
1.51542
1.51531
1.51523
1.51519
1.51519
1.51523
1.5153
1.5154
1.5155
1.51557
1.51562
1.51561
1.51558
1.5155
1.51541
1.51532
1.51528
1.51526
1.51529
1.51534
1.5154
1.51543
1.51545
1.51544
1.51542
1.51539
1.51537
1.51537
1.51538
1.51542
1.51546
1.51552
1.51559
1.51565
1.51572
1.5158
1.51586
1.51591
1.51593
1.51592
1.51585
1.51575
1.5156
1.51544
1.51531
1.51519
1.51511
1.51508
1.51508
1.51512
1.51517
1.51522
1.51526
1.51529
1.51531
1.51534
1.51535
1.51537
1.51539
1.51541
1.51543
1.51545
1.51549
1.51553
1.51557
1.51562
1.51566
1.51571
1.51575
1.51579
1.51582
1.51584
1.51588
1.5159
1.5159
1.51587
1.51578
1.51559
1.51532
1.51501
1.51477
1.51466
1.5147
1.51487
1.51512
1.51542
1.51571
1.51593
1.51605
1.516
1.51577
1.51543
1.51512
1.51492
1.51489
1.51501
1.51522
1.51548
1.51574
1.51597
1.5161
1.51606
1.51584
1.51546
1.51505
1.51475
1.51464
1.5147
1.51487
1.51509
1.51529
1.51546
1.51558
1.51567
1.51571
1.51575
1.51578
1.51583
1.51589
1.51596
1.51603
1.51607
1.51605
1.51595
1.51576
1.51551
1.51524
1.51501
1.51484
1.51477
1.51475
1.51479
1.51486
1.51493
1.51501
1.51509
1.51516
1.51523
1.5153
1.51536
1.51543
1.51549
1.51554
1.5156
1.51565
1.51571
1.51578
1.51583
1.51588
1.51595
1.51601
1.51604
1.51605
1.51601
1.51591
1.51577
1.5156
1.51542
1.51524
1.51509
1.51499
1.51494
1.51494
1.51498
1.51503
1.51511
1.51519
1.51525
1.51531
1.51535
1.51537
1.51537
1.51537
1.51536
1.51537
1.51538
1.51541
1.51544
1.51547
1.51551
1.51553
1.51554
1.51552
1.51549
1.51547
1.51544
1.51542
1.51542
1.51546
1.51551
1.51559
1.51567
1.51574
1.51579
1.5158
1.51576
1.51567
1.51553
1.51536
1.5152
1.51507
1.51499
1.51497
1.51502
1.51512
1.51528
1.51547
1.51567
1.51587
1.51607
1.51623
1.51632
1.51632
1.51621
1.51601
1.51574
1.51545
1.51522
1.51506
1.51499
1.51499
1.51502
1.5151
1.51517
1.51523
1.51529
1.51534
1.51538
1.51541
1.51543
1.48748
1.48749
1.4875
1.4875
1.48749
1.48749
1.48748
1.48747
1.48747
1.48747
1.48748
1.48748
1.48749
1.4875
1.48751
1.48752
1.48753
1.48753
1.48753
1.48754
1.48753
1.48753
1.48752
1.48752
1.48751
1.48749
1.48748
1.48748
1.48746
1.48746
1.48746
1.48747
1.48747
1.48748
1.48749
1.48752
1.48754
1.48757
1.4876
1.48764
1.48768
1.48769
1.4877
1.48767
1.48762
1.48753
1.48744
1.48734
1.48725
1.48719
1.48715
1.48715
1.48716
1.48718
1.48721
1.48724
1.48727
1.4873
1.48733
1.48736
1.48739
1.48742
1.48746
1.48752
1.48758
1.48763
1.48771
1.48779
1.48786
1.48792
1.48796
1.48798
1.488
1.488
1.48804
1.48813
1.48828
1.48843
1.48846
1.48824
1.48769
1.48689
1.48611
1.48556
1.48538
1.48552
1.48584
1.48622
1.48659
1.4869
1.48714
1.48732
1.48746
1.48756
1.48763
1.48768
1.48771
1.48774
1.48777
1.48779
1.48781
1.48785
1.48789
1.48791
1.48793
1.48793
1.48791
1.48784
1.48774
1.48763
1.48748
1.48735
1.48724
1.48715
1.48709
1.48706
1.48704
1.48705
1.48706
1.48708
1.4871
1.48712
1.48715
1.48717
1.4872
1.48722
1.48725
1.48728
1.48732
1.48737
1.48742
1.48746
1.4875
1.48754
1.48758
1.48762
1.48765
1.48769
1.48772
1.48775
1.48776
1.48776
1.48775
1.48771
1.48767
1.48762
1.48757
1.48751
1.48746
1.4874
1.48736
1.48732
1.48729
1.48729
1.48731
1.48735
1.4874
1.48747
1.48754
1.48761
1.48767
1.48774
1.48781
1.48787
1.48792
1.48793
1.48789
1.48781
1.48767
1.4875
1.48735
1.48724
1.48716
1.48715
1.48716
1.48719
1.48723
1.48725
1.48727
1.48727
1.48727
1.48727
1.48727
1.48727
1.48728
1.48728
1.4873
1.48733
1.48735
1.48739
1.48743
1.48747
1.48749
1.48752
1.48754
1.48755
1.48756
1.48757
1.48757
1.48758
1.48759
1.48762
1.48766
1.48771
1.48777
1.48784
1.48789
1.48797
1.488
1.48802
1.48799
1.48792
1.48781
1.48766
1.48749
1.48732
1.48718
1.48708
1.48702
1.487
1.48702
1.48706
1.48712
1.48718
1.48722
1.48726
1.48729
1.48732
1.48734
1.48736
1.48737
1.48739
1.48741
1.48743
1.48746
1.48749
1.48753
1.48757
1.4876
1.48765
1.4877
1.48773
1.48775
1.48773
1.48769
1.48761
1.4875
1.48738
1.48727
1.48718
1.48712
1.48708
1.48708
1.48708
1.48711
1.48714
1.48718
1.4872
1.48723
1.48725
1.48729
1.48733
1.48739
1.48747
1.48757
1.4877
1.48787
1.48803
1.48818
1.48825
1.48821
1.48801
1.4877
1.48735
1.48704
1.48682
1.48672
1.48672
1.48679
1.48692
1.48706
1.48721
1.48733
1.48742
1.48748
1.48751
1.48753
1.48751
1.48749
1.48744
1.48738
1.48731
1.48724
1.48717
1.48711
1.48706
1.48704
1.48705
1.48707
1.48708
1.4871
1.48713
1.48715
1.48716
1.48719
1.48722
1.48725
1.48728
1.48733
1.48739
1.48747
1.48755
1.48767
1.48779
1.48796
1.48815
1.48837
1.48857
1.4887
1.48866
1.48843
1.48805
1.48764
1.48734
1.48718
1.48711
1.48706
1.48702
1.48698
1.48698
1.48702
1.48711
1.48723
1.48734
1.48742
1.48747
1.48746
1.48741
1.48732
1.48721
1.4871
1.48703
1.48699
1.48698
1.48702
1.48707
1.48713
1.48719
1.48725
1.4873
1.48735
1.48739
1.48744
1.48748
1.48753
1.48758
1.48763
1.48768
1.48773
1.48778
1.48781
1.48782
1.4878
1.48775
1.48764
1.48751
1.48737
1.48724
1.48714
1.48708
1.48706
1.48709
1.48713
1.48719
1.48726
1.48732
1.48739
1.48744
1.48749
1.48753
1.48755
1.48756
1.48755
1.48754
1.48751
1.48749
1.48746
1.48744
1.48743
1.48743
1.48743
1.48744
1.48746
1.48747
1.48748
1.48747
1.48746
1.48745
1.48744
1.48742
1.40084
1.40084
1.40085
1.40087
1.4009
1.40093
1.40096
1.40099
1.40102
1.40104
1.40105
1.40105
1.40105
1.40104
1.40102
1.401
1.40097
1.40094
1.40091
1.4009
1.40087
1.40084
1.40083
1.4008
1.40078
1.40077
1.40075
1.40074
1.40073
1.40073
1.40073
1.40077
1.4008
1.40083
1.40087
1.4009
1.40094
1.40098
1.40101
1.40105
1.40109
1.40112
1.40115
1.40119
1.40121
1.40126
1.40129
1.40131
1.40134
1.40136
1.40136
1.40134
1.4013
1.40125
1.40118
1.40111
1.40103
1.40095
1.40087
1.4008
1.40074
1.40073
1.40072
1.40075
1.40081
1.40089
1.40099
1.40111
1.40126
1.40141
1.40154
1.40161
1.40158
1.4014
1.4011
1.40076
1.40046
1.40029
1.40025
1.40032
1.40043
1.40055
1.40067
1.40077
1.40086
1.40091
1.40096
1.40098
1.40101
1.40103
1.40105
1.40107
1.40109
1.4011
1.40112
1.40112
1.40112
1.40111
1.40107
1.40104
1.40101
1.40099
1.401
1.40103
1.40112
1.40123
1.40139
1.40151
1.4016
1.40163
1.40155
1.40137
1.40111
1.40084
1.40059
1.4004
1.40031
1.40029
1.40033
1.40038
1.40043
1.40047
1.40051
1.40053
1.40057
1.4006
1.40064
1.40069
1.40076
1.40083
1.4009
1.40099
1.40106
1.4011
1.40114
1.40113
1.4011
1.40104
1.40097
1.40091
1.40086
1.40081
1.40078
1.40075
1.40073
1.40071
1.4007
1.4007
1.40073
1.40076
1.40081
1.40086
1.40095
1.40104
1.40114
1.40126
1.40137
1.40147
1.40156
1.40161
1.4016
1.4015
1.40131
1.40106
1.40082
1.40062
1.40053
1.40051
1.40056
1.40066
1.40076
1.40087
1.40095
1.40102
1.40106
1.40108
1.40107
1.40103
1.40098
1.4009
1.40081
1.40072
1.40063
1.40057
1.40053
1.40051
1.40052
1.40054
1.40057
1.40062
1.40066
1.40069
1.40074
1.40078
1.40083
1.40089
1.40098
1.40109
1.40123
1.40139
1.40155
1.40169
1.40177
1.40178
1.4017
1.40155
1.40136
1.40116
1.40098
1.40084
1.40071
1.40062
1.40055
1.40051
1.40053
1.40059
1.4007
1.40081
1.40091
1.40097
1.40097
1.40093
1.40086
1.40077
1.40066
1.40058
1.40054
1.40051
1.40054
1.40059
1.40067
1.40075
1.40084
1.40094
1.40104
1.40114
1.40124
1.40133
1.40141
1.40145
1.40147
1.40147
1.40145
1.40141
1.40135
1.40123
1.40105
1.40081
1.40054
1.40031
1.40017
1.40014
1.4002
1.40032
1.40046
1.4006
1.40071
1.4008
1.40087
1.40093
1.401
1.40106
1.40114
1.40124
1.40136
1.40152
1.40169
1.40187
1.40198
1.40194
1.40167
1.40117
1.40053
1.39995
1.3996
1.39952
1.39965
1.39986
1.4001
1.40032
1.40052
1.40068
1.40081
1.40091
1.40099
1.40105
1.40107
1.40106
1.40103
1.40097
1.40091
1.40083
1.40076
1.40073
1.4007
1.4007
1.40071
1.40072
1.40075
1.40078
1.40082
1.40086
1.4009
1.40093
1.40096
1.40097
1.40098
1.40098
1.40098
1.40098
1.40098
1.40098
1.40097
1.40097
1.40095
1.40093
1.40089
1.40084
1.40078
1.40072
1.40068
1.40068
1.4007
1.40074
1.40077
1.40082
1.40085
1.40087
1.40087
1.40085
1.40081
1.40078
1.40075
1.40071
1.40069
1.40067
1.40067
1.40067
1.40068
1.40071
1.40074
1.40078
1.40084
1.40091
1.40101
1.40114
1.40129
1.40148
1.40169
1.40191
1.40214
1.40226
1.4022
1.40189
1.40136
1.40075
1.40025
1.39994
1.39985
1.39987
1.39995
1.40005
1.40013
1.4002
1.40027
1.40035
1.40044
1.40051
1.40059
1.40067
1.40074
1.4008
1.40085
1.40089
1.40092
1.40095
1.40098
1.401
1.40102
1.40104
1.40105
1.40105
1.40107
1.40109
1.40111
1.40114
1.40115
1.40112
1.40103
1.40088
1.40067
1.40045
1.40028
1.40016
1.40011
1.40013
1.40021
1.40031
1.40044
1.40054
1.39028
1.39035
1.39043
1.3905
1.39057
1.39064
1.39075
1.39088
1.39101
1.39117
1.39131
1.39138
1.39136
1.39121
1.39097
1.39069
1.39046
1.39032
1.39029
1.39033
1.39042
1.39048
1.39049
1.39044
1.39036
1.3903
1.39028
1.39029
1.39034
1.3904
1.39044
1.39042
1.39035
1.39025
1.39013
1.39001
1.38993
1.3899
1.38993
1.38999
1.39007
1.39018
1.39028
1.39038
1.39047
1.39056
1.39065
1.39072
1.39077
1.39083
1.39087
1.39089
1.39089
1.39088
1.39087
1.39086
1.39084
1.39084
1.39085
1.39086
1.39088
1.39091
1.3909
1.39088
1.39083
1.39072
1.39058
1.39041
1.39025
1.39012
1.39004
1.39001
1.39
1.39002
1.39006
1.3901
1.39013
1.39016
1.3902
1.39023
1.39026
1.39028
1.39031
1.39033
1.39035
1.39038
1.39041
1.39044
1.39047
1.39051
1.39056
1.3906
1.39065
1.39069
1.39071
1.39072
1.3907
1.39064
1.39056
1.39045
1.39032
1.3902
1.3901
1.39003
1.39
1.39001
1.39005
1.39011
1.3902
1.39031
1.39043
1.39056
1.3907
1.39085
1.39098
1.39108
1.39115
1.39116
1.39109
1.39094
1.39074
1.39051
1.39026
1.39003
1.38983
1.38969
1.38959
1.38956
1.38959
1.38965
1.38975
1.38986
1.38996
1.39006
1.39013
1.39017
1.39018
1.39017
1.39015
1.39013
1.39014
1.39015
1.39017
1.39021
1.39026
1.39029
1.39032
1.39035
1.39039
1.39042
1.39045
1.39048
1.39051
1.39058
1.39066
1.39077
1.39093
1.39112
1.39131
1.39147
1.39154
1.3915
1.39134
1.39108
1.39077
1.39044
1.39015
1.38993
1.38983
1.38987
1.39002
1.39026
1.39053
1.39076
1.3909
1.39093
1.39086
1.3907
1.3905
1.3903
1.39012
1.38999
1.38994
1.38993
1.38998
1.39004
1.39012
1.3902
1.39026
1.39032
1.39035
1.39038
1.39039
1.39038
1.39037
1.39035
1.39032
1.3903
1.3903
1.39032
1.39033
1.39037
1.39042
1.39048
1.39056
1.39064
1.39074
1.39085
1.39095
1.39105
1.3911
1.39112
1.39109
1.39102
1.39093
1.39083
1.39075
1.39069
1.39067
1.39067
1.3907
1.39073
1.39074
1.39071
1.39063
1.39051
1.39036
1.39023
1.39012
1.39007
1.39009
1.39013
1.39019
1.39028
1.39036
1.39044
1.39047
1.39046
1.39042
1.39034
1.39026
1.39019
1.39016
1.39017
1.3902
1.39027
1.39036
1.39045
1.39055
1.39066
1.39077
1.39087
1.39096
1.39103
1.39106
1.39105
1.39101
1.39096
1.39093
1.39091
1.39091
1.39089
1.39085
1.39077
1.39067
1.39055
1.39044
1.39037
1.3903
1.39026
1.39024
1.39025
1.39028
1.39034
1.39042
1.39051
1.39061
1.39071
1.39081
1.39087
1.39087
1.39083
1.39073
1.39058
1.39043
1.39031
1.39025
1.39025
1.39031
1.39042
1.39052
1.39061
1.39068
1.39071
1.3907
1.39066
1.39059
1.39053
1.39048
1.39045
1.39044
1.39045
1.39049
1.39055
1.39065
1.39077
1.39091
1.39108
1.39125
1.39135
1.39134
1.39115
1.39079
1.39036
1.38999
1.38979
1.38978
1.3899
1.39009
1.39029
1.39047
1.39061
1.39072
1.39077
1.3908
1.39078
1.39075
1.39069
1.39062
1.39054
1.39046
1.39038
1.39033
1.39028
1.39026
1.39028
1.39033
1.39039
1.39048
1.39058
1.39066
1.39073
1.39077
1.39079
1.39081
1.39084
1.39087
1.39088
1.39082
1.39068
1.39047
1.39024
1.39006
1.38996
1.38994
1.39001
1.39011
1.39022
1.39033
1.39043
1.39052
1.3906
1.39067
1.39074
1.39081
1.39088
1.39095
1.39103
1.3911
1.39119
1.39124
1.39123
1.39114
1.39096
1.39069
1.39041
1.39018
1.39006
1.39002
1.39007
1.39017
1.39028
1.39039
1.39048
1.39056
1.39062
1.39068
1.39071
1.39075
1.39077
1.39081
1.39084
1.39087
1.39089
1.3909
1.39088
1.39085
1.3908
1.39072
1.39064
1.41674
1.41671
1.41672
1.41678
1.41688
1.417
1.41711
1.41718
1.41716
1.41704
1.41684
1.4166
1.41641
1.41629
1.41627
1.41633
1.41642
1.41652
1.41662
1.41672
1.41679
1.41683
1.41687
1.41689
1.41689
1.41687
1.41686
1.41684
1.41683
1.41684
1.41684
1.41684
1.41685
1.41686
1.41688
1.4169
1.41692
1.41692
1.41693
1.41693
1.41691
1.41689
1.41685
1.41679
1.41673
1.41668
1.41662
1.41658
1.41654
1.41653
1.41653
1.41656
1.41657
1.4166
1.41663
1.41665
1.41667
1.41667
1.41667
1.41666
1.41664
1.41662
1.41659
1.41657
1.41655
1.41655
1.41656
1.4166
1.41665
1.41672
1.41682
1.41694
1.41709
1.41727
1.41747
1.41768
1.41789
1.41806
1.41813
1.41808
1.41784
1.41742
1.41689
1.41634
1.41586
1.41551
1.41532
1.41528
1.41537
1.41555
1.41577
1.416
1.41621
1.41638
1.41651
1.4166
1.41665
1.41668
1.41672
1.41677
1.41682
1.41687
1.41693
1.41698
1.41702
1.41704
1.41704
1.41701
1.41698
1.41693
1.41688
1.41683
1.41678
1.41673
1.41665
1.41657
1.4165
1.41643
1.4164
1.41642
1.41646
1.41654
1.41663
1.41673
1.41682
1.41688
1.41692
1.41691
1.41686
1.41678
1.4167
1.4166
1.41651
1.41643
1.41637
1.41633
1.4163
1.41629
1.41631
1.41635
1.41641
1.41648
1.41656
1.41666
1.41677
1.41689
1.41703
1.41714
1.41722
1.41724
1.41716
1.41698
1.41672
1.41642
1.41618
1.41605
1.41602
1.41606
1.41616
1.41627
1.41639
1.41651
1.41662
1.41672
1.4168
1.41686
1.41689
1.41691
1.41689
1.41686
1.41684
1.41682
1.41684
1.41688
1.41691
1.41694
1.41693
1.41688
1.41677
1.41666
1.41655
1.4165
1.41652
1.41659
1.41671
1.41683
1.41691
1.4169
1.41681
1.41665
1.4165
1.41639
1.41636
1.4164
1.41648
1.41658
1.41667
1.41676
1.41683
1.41688
1.41692
1.41695
1.41693
1.4169
1.41685
1.4168
1.41676
1.41674
1.41673
1.41673
1.41676
1.41679
1.41681
1.4168
1.41679
1.41675
1.41672
1.41671
1.4167
1.41671
1.41674
1.41676
1.41677
1.41675
1.41671
1.41665
1.41661
1.41658
1.41658
1.41659
1.41664
1.4167
1.41678
1.41686
1.41696
1.41704
1.41713
1.4172
1.41725
1.41726
1.41723
1.41718
1.41708
1.41694
1.41679
1.41662
1.41649
1.41641
1.41639
1.41643
1.41653
1.41665
1.41677
1.41686
1.41693
1.41696
1.41695
1.41692
1.41687
1.4168
1.41674
1.41671
1.41668
1.41668
1.4167
1.41672
1.41675
1.41677
1.41681
1.41683
1.41685
1.41686
1.41686
1.41685
1.41686
1.41687
1.4169
1.41693
1.41697
1.41702
1.41703
1.41702
1.41696
1.41688
1.41679
1.41671
1.41666
1.41665
1.41667
1.4167
1.41673
1.41676
1.41678
1.41677
1.41675
1.41673
1.41668
1.41664
1.41659
1.41656
1.41653
1.41652
1.41653
1.41657
1.41662
1.41668
1.41677
1.41686
1.41694
1.41702
1.4171
1.41717
1.41724
1.41731
1.41736
1.41739
1.41735
1.41724
1.41708
1.41691
1.41677
1.41669
1.41668
1.41671
1.41673
1.41672
1.41669
1.41664
1.41659
1.41655
1.41654
1.41655
1.41657
1.4166
1.41664
1.41668
1.41674
1.41681
1.41689
1.41695
1.417
1.417
1.41696
1.41687
1.41676
1.41665
1.41656
1.41651
1.41651
1.41654
1.41659
1.41664
1.41668
1.41669
1.41669
1.41666
1.41663
1.4166
1.41661
1.41663
1.41667
1.41675
1.41685
1.41697
1.41711
1.4172
1.41725
1.41727
1.41723
1.41717
1.41712
1.41711
1.41715
1.4172
1.41721
1.41715
1.41699
1.4168
1.41663
1.41653
1.41653
1.41661
1.41669
1.41677
1.41683
1.41685
1.41685
1.41685
1.41685
1.41688
1.41692
1.41697
1.417
1.417
1.41696
1.41687
1.41676
1.41664
1.41658
1.41655
1.45023
1.45031
1.45041
1.45052
1.45064
1.45073
1.45079
1.4508
1.45074
1.45062
1.45044
1.45024
1.45006
1.44994
1.44988
1.44991
1.44998
1.4501
1.45025
1.45042
1.45063
1.45085
1.45105
1.45121
1.45127
1.45119
1.45097
1.45069
1.45042
1.45022
1.45008
1.44998
1.44989
1.44984
1.44983
1.44988
1.45
1.45017
1.45035
1.45052
1.45066
1.45077
1.45084
1.45088
1.45086
1.45081
1.45072
1.4506
1.45044
1.45027
1.45011
1.44998
1.44987
1.4498
1.44978
1.4498
1.44985
1.44993
1.45003
1.45014
1.45026
1.45035
1.45043
1.45048
1.45052
1.45054
1.45054
1.45053
1.45051
1.45049
1.45045
1.45041
1.45036
1.45031
1.45027
1.45025
1.45025
1.45025
1.45026
1.45027
1.45026
1.45026
1.45024
1.45023
1.45022
1.45022
1.45024
1.45027
1.45032
1.45036
1.45041
1.45046
1.45051
1.45056
1.45061
1.45066
1.4507
1.45073
1.45076
1.45078
1.45078
1.45075
1.45072
1.45066
1.45059
1.4505
1.4504
1.45031
1.45023
1.45017
1.45011
1.45008
1.45008
1.45009
1.45011
1.45014
1.45018
1.4502
1.45023
1.45026
1.45028
1.45029
1.45031
1.45032
1.45033
1.45035
1.45035
1.45036
1.45037
1.45036
1.45036
1.45035
1.45035
1.45035
1.45033
1.45032
1.45031
1.4503
1.45029
1.45027
1.45027
1.45028
1.45028
1.45029
1.45031
1.45033
1.45036
1.45038
1.4504
1.45042
1.45042
1.45041
1.45037
1.45032
1.45028
1.45022
1.45018
1.45017
1.45017
1.45019
1.45021
1.45025
1.45029
1.45035
1.4504
1.45048
1.45057
1.45066
1.45074
1.45076
1.45071
1.4506
1.45046
1.45032
1.45022
1.45018
1.4502
1.45023
1.45023
1.45017
1.45005
1.44991
1.44979
1.44975
1.44978
1.4499
1.45003
1.45017
1.45028
1.45034
1.45036
1.45036
1.45034
1.45034
1.45034
1.45036
1.4504
1.45043
1.45044
1.4504
1.45032
1.45022
1.45011
1.45004
1.45002
1.45004
1.45008
1.45014
1.45021
1.45027
1.45032
1.45036
1.45039
1.45041
1.45042
1.45044
1.45045
1.45046
1.45046
1.45046
1.45046
1.45045
1.45043
1.4504
1.45037
1.45033
1.45029
1.45023
1.45018
1.45013
1.4501
1.45007
1.45005
1.45005
1.45005
1.45006
1.45009
1.45012
1.45017
1.45025
1.45036
1.45053
1.45076
1.45108
1.45142
1.4517
1.45172
1.45132
1.45055
1.44973
1.44923
1.4492
1.44952
1.44999
1.45044
1.45075
1.45083
1.45067
1.45032
1.44995
1.44971
1.44966
1.44976
1.4499
1.45003
1.4501
1.45011
1.45009
1.45004
1.45
1.44998
1.44998
1.45002
1.45008
1.45014
1.4502
1.45026
1.4503
1.45032
1.45033
1.45032
1.45031
1.4503
1.4503
1.45032
1.45037
1.45044
1.45053
1.45062
1.45073
1.45082
1.45089
1.45092
1.4509
1.45084
1.45074
1.45059
1.45045
1.45029
1.45017
1.45006
1.44999
1.44995
1.44994
1.44996
1.45
1.45005
1.45013
1.45021
1.45029
1.45038
1.45044
1.4505
1.45054
1.45058
1.4506
1.45062
1.45065
1.45065
1.45066
1.45067
1.45066
1.45064
1.45059
1.45052
1.45044
1.45038
1.45032
1.45028
1.45026
1.45025
1.45025
1.45024
1.45023
1.45021
1.4502
1.45018
1.45018
1.45017
1.45019
1.45022
1.45025
1.45031
1.45036
1.45043
1.45048
1.45055
1.45061
1.45069
1.45078
1.45088
1.45096
1.45106
1.45113
1.45113
1.45105
1.45084
1.45056
1.45026
1.45001
1.44988
1.44985
1.44992
1.45003
1.45014
1.45023
1.45029
1.45033
1.45034
1.45032
1.4503
1.45028
1.45025
1.45024
1.45023
1.45021
1.4502
1.4502
1.4502
1.45022
1.45024
1.45027
1.45029
1.45032
1.45036
1.45039
1.45044
1.4505
1.45055
1.45063
1.45072
1.45081
1.45091
1.45099
1.45107
1.45109
1.45107
1.45099
1.45088
1.45077
1.47568
1.4756
1.47554
1.47549
1.47542
1.47534
1.47528
1.47525
1.47526
1.4753
1.47535
1.4754
1.47542
1.47543
1.4754
1.47535
1.47529
1.47523
1.47519
1.47516
1.47515
1.47517
1.4752
1.47524
1.4753
1.47537
1.47542
1.47547
1.47551
1.47555
1.47558
1.4756
1.47561
1.47563
1.47563
1.47562
1.47561
1.47559
1.47556
1.47554
1.47551
1.47548
1.47549
1.47553
1.47559
1.47567
1.47576
1.47584
1.47591
1.47591
1.47585
1.47573
1.47557
1.47541
1.47527
1.47516
1.47511
1.47508
1.47507
1.47508
1.47509
1.47512
1.47514
1.47518
1.4752
1.47523
1.47525
1.47529
1.47533
1.47538
1.47545
1.47552
1.47562
1.47572
1.47583
1.47593
1.47601
1.47604
1.47601
1.47596
1.47589
1.47582
1.47579
1.47579
1.47581
1.47582
1.47581
1.47575
1.47565
1.4755
1.47531
1.47511
1.47491
1.47476
1.47466
1.47462
1.47463
1.47469
1.47478
1.47488
1.47497
1.47507
1.47517
1.47525
1.47531
1.47537
1.47541
1.47544
1.47546
1.47548
1.47548
1.47547
1.47547
1.47546
1.47546
1.47545
1.47544
1.47544
1.47544
1.47545
1.47545
1.47546
1.47547
1.47548
1.4755
1.47553
1.47557
1.47562
1.47567
1.47573
1.47582
1.47592
1.47603
1.47618
1.47638
1.4766
1.47678
1.47686
1.47672
1.47633
1.47577
1.47521
1.47477
1.47449
1.47432
1.47424
1.47423
1.47429
1.47439
1.47452
1.47471
1.47493
1.47521
1.47559
1.4761
1.47671
1.4773
1.47753
1.47702
1.47581
1.47452
1.47387
1.47396
1.47444
1.47499
1.47544
1.47573
1.4758
1.47562
1.47522
1.47476
1.47443
1.47437
1.47456
1.47492
1.47535
1.47576
1.47608
1.47624
1.47617
1.47584
1.47538
1.47494
1.47466
1.47457
1.47464
1.47478
1.47492
1.47504
1.47514
1.47519
1.47523
1.47526
1.47529
1.47529
1.47531
1.47532
1.47535
1.47538
1.47541
1.47546
1.47551
1.47557
1.47565
1.47572
1.47581
1.47588
1.47595
1.476
1.47603
1.476
1.47593
1.47583
1.47568
1.47552
1.47535
1.47521
1.47511
1.47506
1.47507
1.47511
1.47518
1.47527
1.47535
1.47544
1.47554
1.47566
1.47579
1.47592
1.47604
1.47609
1.47605
1.4759
1.47563
1.47529
1.47496
1.47472
1.4746
1.47458
1.47465
1.47475
1.4749
1.47505
1.47522
1.47538
1.47555
1.47571
1.47586
1.47599
1.47608
1.47612
1.47609
1.47597
1.4758
1.47557
1.47533
1.47515
1.47502
1.47496
1.47497
1.47504
1.47512
1.47522
1.4753
1.47538
1.47545
1.47551
1.47555
1.47559
1.47561
1.47563
1.47564
1.47563
1.47561
1.47559
1.47557
1.47555
1.47553
1.4755
1.47548
1.47546
1.47544
1.47541
1.4754
1.47538
1.47537
1.47536
1.47538
1.47541
1.47546
1.47552
1.47558
1.47566
1.47572
1.47576
1.47576
1.47573
1.47567
1.47559
1.4755
1.47542
1.47535
1.47531
1.4753
1.47531
1.47534
1.47537
1.47538
1.47538
1.47536
1.47534
1.47532
1.47529
1.47528
1.47527
1.47528
1.4753
1.47534
1.47541
1.47551
1.47563
1.47575
1.47586
1.47592
1.47587
1.47569
1.47542
1.47511
1.47488
1.47475
1.47476
1.47485
1.47498
1.47513
1.47527
1.4754
1.47552
1.47562
1.4757
1.47576
1.47577
1.47574
1.47568
1.47557
1.47545
1.47534
1.47526
1.47523
1.47524
1.47533
1.47545
1.47562
1.4758
1.47597
1.47606
1.47602
1.47584
1.47554
1.4752
1.47494
1.47481
1.47481
1.47491
1.47504
1.47517
1.47528
1.47536
1.47542
1.47548
1.47551
1.47554
1.47554
1.47554
1.47553
1.47552
1.47553
1.47556
1.47565
1.47578
1.47595
1.47609
1.47614
1.47603
1.47572
1.47531
1.47493
1.47471
1.47468
1.47482
1.47507
1.47536
1.47563
1.47584
1.47593
1.47588
1.4757
1.47542
1.47515
1.47494
1.47482
1.46045
1.46051
1.46059
1.46067
1.46074
1.4608
1.46085
1.46089
1.46092
1.46095
1.46097
1.46099
1.46101
1.46103
1.46105
1.46107
1.46108
1.4611
1.46111
1.46113
1.46115
1.46118
1.46121
1.46124
1.46127
1.46128
1.46128
1.46127
1.46124
1.4612
1.46116
1.46112
1.46109
1.46108
1.46109
1.4611
1.46112
1.46113
1.46111
1.46109
1.46105
1.46105
1.46106
1.4611
1.46118
1.46127
1.46136
1.46143
1.46149
1.46148
1.46142
1.46131
1.46116
1.46099
1.46082
1.46067
1.46056
1.46049
1.46046
1.46047
1.46049
1.46052
1.46057
1.46061
1.46066
1.4607
1.46076
1.46081
1.46086
1.46091
1.46098
1.46105
1.46111
1.4612
1.46128
1.46137
1.46147
1.46154
1.46161
1.46162
1.46157
1.46144
1.46126
1.46103
1.46079
1.46063
1.46053
1.46051
1.46055
1.46065
1.46075
1.46084
1.46094
1.46102
1.46109
1.46115
1.46119
1.46122
1.46124
1.46123
1.46124
1.46124
1.46123
1.46121
1.46118
1.46114
1.4611
1.46106
1.46102
1.46098
1.46096
1.46095
1.46094
1.46094
1.46095
1.46096
1.46097
1.46096
1.46095
1.46093
1.46091
1.46089
1.46087
1.46085
1.46085
1.46085
1.46087
1.46089
1.46091
1.46093
1.46096
1.46099
1.46101
1.46104
1.46109
1.46115
1.4612
1.46126
1.46132
1.46138
1.46144
1.46146
1.46145
1.46138
1.46128
1.46113
1.46097
1.46081
1.46069
1.46061
1.46057
1.46056
1.4606
1.46064
1.46069
1.46076
1.46083
1.4609
1.46096
1.46103
1.46108
1.46111
1.46113
1.46113
1.46111
1.46108
1.46105
1.46101
1.46099
1.46097
1.46097
1.46097
1.46097
1.46098
1.46098
1.46098
1.46098
1.46097
1.46097
1.46097
1.46098
1.46098
1.46096
1.46093
1.46091
1.4609
1.4609
1.46091
1.46093
1.46095
1.46097
1.46099
1.461
1.46099
1.46097
1.46095
1.46093
1.46093
1.46096
1.46098
1.46104
1.4611
1.46117
1.46124
1.4613
1.46137
1.46143
1.46149
1.46155
1.46161
1.46167
1.46173
1.46177
1.46177
1.46173
1.46165
1.46155
1.46142
1.46131
1.46119
1.46109
1.46097
1.46083
1.4607
1.46057
1.46047
1.46039
1.46035
1.46035
1.46038
1.46045
1.46053
1.46061
1.46071
1.4608
1.46088
1.46094
1.46099
1.46105
1.46108
1.46112
1.46115
1.46117
1.4612
1.46122
1.46124
1.46126
1.46129
1.4613
1.46133
1.46134
1.46136
1.46137
1.46137
1.46134
1.4613
1.46125
1.46117
1.46111
1.46105
1.46101
1.46099
1.461
1.46102
1.46106
1.46111
1.46116
1.46119
1.4612
1.4612
1.46116
1.46111
1.46105
1.46097
1.4609
1.46086
1.46084
1.46085
1.46089
1.46096
1.46105
1.46112
1.46119
1.46127
1.46134
1.46139
1.4614
1.46138
1.46132
1.46123
1.4611
1.46097
1.46084
1.46073
1.46065
1.4606
1.4606
1.46063
1.46068
1.46075
1.4608
1.46087
1.46095
1.46101
1.46107
1.46112
1.46117
1.4612
1.46124
1.46125
1.46126
1.46126
1.46127
1.46126
1.46124
1.46124
1.46122
1.4612
1.46119
1.46114
1.4611
1.46105
1.46099
1.46093
1.46088
1.46084
1.46081
1.46082
1.46083
1.46085
1.46087
1.4609
1.46093
1.46095
1.46098
1.46098
1.461
1.461
1.46101
1.46102
1.46101
1.461
1.46101
1.46102
1.46103
1.46104
1.46103
1.46105
1.46106
1.46108
1.46109
1.46111
1.46112
1.46112
1.46111
1.46109
1.46106
1.46102
1.46098
1.46094
1.46089
1.46085
1.46083
1.46082
1.46081
1.46082
1.46083
1.46085
1.46087
1.46087
1.46087
1.46086
1.46087
1.46085
1.46084
1.46083
1.46083
1.46084
1.46084
1.46086
1.46088
1.46091
1.46094
1.46098
1.461
1.46103
1.46105
1.46105
1.46105
1.46105
1.46105
1.46103
1.46103
1.46105
1.46108
1.46112
1.46115
1.46119
1.46122
1.46123
1.47202
1.47196
1.47189
1.47179
1.47168
1.47156
1.47146
1.4714
1.47137
1.47137
1.47139
1.47143
1.47147
1.47152
1.47156
1.4716
1.47162
1.47165
1.47167
1.47167
1.47168
1.47168
1.47168
1.47168
1.47167
1.47167
1.47168
1.47169
1.4717
1.47173
1.47176
1.47181
1.47187
1.47195
1.47204
1.47213
1.47222
1.47231
1.47234
1.47229
1.47209
1.47173
1.47128
1.47089
1.47067
1.47071
1.47097
1.47141
1.47197
1.4726
1.47316
1.47345
1.47321
1.47238
1.47132
1.47052
1.47025
1.47038
1.47069
1.471
1.47126
1.47143
1.47156
1.47162
1.47166
1.47169
1.4717
1.47172
1.47175
1.47178
1.47183
1.47188
1.47195
1.47201
1.47205
1.47209
1.47211
1.47213
1.47214
1.47213
1.47212
1.4721
1.47205
1.47198
1.47189
1.47179
1.4717
1.47162
1.47157
1.47154
1.47154
1.47157
1.47161
1.47167
1.47175
1.47183
1.47192
1.47199
1.47204
1.47206
1.47203
1.47199
1.47192
1.47184
1.47176
1.47168
1.47162
1.47158
1.47156
1.47156
1.47159
1.47161
1.47164
1.47168
1.47171
1.47175
1.47179
1.47184
1.4719
1.47196
1.47203
1.47208
1.47216
1.47222
1.47227
1.4723
1.47231
1.47229
1.47224
1.47216
1.47208
1.47196
1.47186
1.47178
1.47172
1.47169
1.47168
1.47171
1.47174
1.47178
1.47184
1.4719
1.47195
1.47201
1.47204
1.47206
1.47208
1.47207
1.47205
1.472
1.47194
1.47191
1.47189
1.47189
1.47189
1.4719
1.47191
1.47191
1.4719
1.4719
1.47189
1.47188
1.47189
1.47192
1.47198
1.47206
1.47217
1.47231
1.47246
1.47262
1.47277
1.47285
1.47287
1.47274
1.47246
1.47206
1.47164
1.47128
1.47106
1.47099
1.47105
1.47118
1.47135
1.47153
1.47169
1.47185
1.47196
1.47207
1.47215
1.47221
1.47226
1.47227
1.47227
1.47223
1.47216
1.47207
1.47196
1.47185
1.47175
1.47165
1.47159
1.47156
1.47155
1.47156
1.4716
1.47165
1.47171
1.47178
1.47186
1.47193
1.47201
1.47207
1.47214
1.4722
1.47223
1.47224
1.47223
1.47218
1.47209
1.47197
1.47184
1.47171
1.47159
1.47151
1.47146
1.47143
1.47142
1.47145
1.4715
1.47154
1.47159
1.47163
1.47167
1.47169
1.47172
1.47174
1.47177
1.47179
1.47182
1.47185
1.47189
1.47193
1.47198
1.47204
1.47212
1.4722
1.47226
1.47234
1.4724
1.47243
1.47241
1.47237
1.47227
1.47216
1.47204
1.47192
1.47183
1.47176
1.4717
1.47167
1.47164
1.47163
1.47161
1.47158
1.47157
1.47158
1.47159
1.47159
1.47161
1.47163
1.47165
1.47168
1.47169
1.47171
1.47173
1.47173
1.47173
1.47173
1.47172
1.47171
1.4717
1.47171
1.47172
1.47173
1.47173
1.47176
1.47177
1.47179
1.47181
1.47182
1.47183
1.47183
1.47182
1.47181
1.47179
1.47176
1.47174
1.47172
1.4717
1.4717
1.4717
1.47172
1.47177
1.47185
1.47196
1.47209
1.47222
1.47235
1.47245
1.4725
1.47249
1.47239
1.47223
1.47206
1.47188
1.47173
1.47162
1.47153
1.47148
1.47142
1.47137
1.47136
1.47136
1.47137
1.47139
1.4714
1.47143
1.47145
1.47148
1.4715
1.47152
1.47153
1.47155
1.47157
1.47161
1.47166
1.47172
1.47179
1.47185
1.47193
1.47199
1.47205
1.47211
1.47215
1.47218
1.47223
1.47228
1.47233
1.47236
1.47235
1.47229
1.47215
1.47194
1.47171
1.47149
1.4713
1.47115
1.47106
1.47102
1.47106
1.47115
1.47128
1.47145
1.47164
1.47182
1.47201
1.4722
1.4724
1.47261
1.47282
1.473
1.47309
1.47303
1.47276
1.47234
1.47185
1.47146
1.47126
1.47123
1.47131
1.4714
1.47148
1.47151
1.47149
1.47146
1.4714
1.47136
1.47134
1.47135
1.47139
1.47145
1.47152
1.4716
1.47169
1.4718
1.47191
1.47201
1.47211
1.4722
1.47225
