-0.0318404
-0.03185
-0.0318659
-0.0318881
-0.0319166
-0.0319515
-0.0319926
-0.03204
-0.0320938
-0.0321539
-0.0322204
-0.0322932
-0.0323749
-0.0324679
-0.0325677
-0.0326742
-0.0328018
-0.0329271
-0.033069
-0.033223
-0.0333749
-0.0335414
-0.0337059
-0.0338899
-0.0340914
-0.0342915
-0.0345044
-0.034721
-0.0349459
-0.03517
-0.0354122
-0.0356611
-0.0359072
-0.0361745
-0.036449
-0.0367333
-0.0370205
-0.0373158
-0.0376193
-0.0379384
-0.0382546
-0.0385869
-0.038936
-0.039314
-0.039681
-0.0400634
-0.0404642
-0.0408767
-0.0413061
-0.0417411
-0.0421918
-0.0426683
-0.0431522
-0.0436632
-0.0441996
-0.044748
-0.0453163
-0.0459007
-0.0465138
-0.0471495
-0.0478065
-0.0484811
-0.0491839
-0.0499161
-0.0506815
-0.0514696
-0.0522891
-0.0531367
-0.0540285
-0.0549426
-0.0559046
-0.0569095
-0.0579452
-0.0590449
-0.0601923
-0.0613828
-0.0626217
-0.0639143
-0.0652615
-0.0666737
-0.0681571
-0.069713
-0.0713478
-0.0730513
-0.0748469
-0.0767153
-0.0786822
-0.08075
-0.0829134
-0.0851816
-0.0875607
-0.0900493
-0.0926496
-0.095365
-0.0981992
-0.101139
-0.104182
-0.107317
-0.110533
-0.113791
-0.117051
-0.120263
-0.123368
-0.126272
-0.128837
-0.130939
-0.13239
-0.133
-0.13258
-0.130997
-0.12815
-0.124176
-0.119416
-0.114495
-0.110264
-0.107627
-0.107293
-0.109565
-0.114275
-0.120844
-0.128413
-0.136078
-0.142988
-0.148534
-0.152413
-0.154753
-0.156123
-0.157439
-0.159726
-0.163821
-0.170005
-0.177906
-0.186657
-0.195208
-0.202644
-0.208333
-0.211995
-0.213644
-0.213532
-0.212086
-0.209797
-0.207124
-0.204456
-0.202007
-0.199857
-0.197946
-0.196165
-0.194419
-0.192601
-0.190606
-0.18836
-0.185966
-0.183784
-0.1824
-0.182506
-0.184639
-0.188975
-0.195341
-0.203219
-0.21195
-0.220852
-0.229283
-0.236715
-0.242757
-0.247181
-0.249905
-0.25104
-0.250837
-0.249644
-0.247895
-0.246066
-0.244592
-0.243868
-0.244116
-0.245429
-0.24772
-0.250791
-0.254334
-0.258041
-0.26161
-0.264808
-0.267489
-0.269591
-0.271166
-0.27231
-0.273172
-0.273885
-0.274549
-0.275201
-0.275839
-0.276441
-0.276986
-0.277492
-0.278015
-0.278587
-0.279273
-0.280074
-0.280988
-0.28196
-0.282941
-0.283894
-0.284816
-0.285706
-0.286601
-0.287582
-0.288724
-0.290073
-0.291666
-0.29352
-0.295614
-0.297898
-0.300284
-0.302697
-0.305035
-0.307193
-0.309082
-0.310595
-0.31166
-0.312209
-0.312183
-0.311585
-0.310441
-0.308844
-0.30694
-0.30491
-0.302969
-0.301257
-0.299861
-0.298724
-0.29767
-0.296419
-0.294678
-0.292212
-0.28893
-0.284926
-0.280564
-0.27647
-0.273476
-0.272435
-0.273968
-0.27825
-0.284884
-0.292997
-0.301512
-0.30932
-0.315508
-0.319366
-0.320371
-0.318255
-0.31316
-0.305797
-0.297653
-0.290851
-0.287484
-0.288706
-0.294171
-0.302333
-0.311207
-0.319057
-0.324633
-0.327164
-0.326237
-0.321691
-0.313635
-0.302508
-0.289198
-0.275107
-0.262127
-0.252319
-0.247415
-0.248294
-0.254635
-0.265115
-0.277818
-0.290842
-0.302716
-0.312594
-0.320129
-0.325454
-0.328882
-0.330871
-0.33186
-0.332254
-0.332374
-0.332436
-0.332576
-0.332812
-0.333168
-0.333619
-0.334118
-0.334638
-0.335178
-0.335732
-0.33629
-0.336863
-0.337451
-0.338019
-0.338553
-0.338978
-0.33921
-0.339107
-0.338514
-0.337206
-0.334933
-0.331438
-0.326517
-0.320129
-0.312495
-0.304262
-0.296481
-0.290398
-0.287022
-0.286652
-0.288822
-0.292484
-0.296567
-0.30024
-0.303086
-0.305
-0.306087
-0.306571
-0.306738
-0.306828
-0.307025
-0.307406
-0.307996
-0.308707
-0.309407
-0.30996
-0.310254
-0.310227
-0.309928
-0.309447
-0.308964
-0.308651
-0.30861
-0.308891
-0.309443
-0.31015
-0.310824
-0.311316
-0.311529
-0.311378
-0.310899
-0.310137
-0.309224
-0.308262
-0.307394
-0.306702
-0.30624
-0.306025
-0.306033
-0.306229
-0.306553
-0.306969
-0.307429
-0.307928
-0.308471
-0.309057
-0.309713
-0.310438
-0.311202
-0.311974
-0.312659
-0.313176
-0.313402
-0.313175
-0.312311
-0.310591
-0.307815
-0.303772
-0.298295
-0.291306
-0.282922
-0.273571
-0.264021
-0.255427
-0.249132
-0.246329
-0.247713
-0.253229
-0.26203
-0.272836
-0.284301
-0.295301
-0.305058
-0.313162
-0.319466
-0.323914
-0.32658
-0.327503
-0.326738
-0.324334
-0.320366
-0.31502
-0.308645
-0.301787
-0.295113
-0.289283
-0.28477
-0.281746
-0.280471
-0.280194
-0.280549
-0.28134
-0.282457
-0.283916
-0.285699
-0.287751
-0.289965
-0.292178
-0.294278
-0.296167
-0.297809
-0.299216
-0.300426
-0.301472
-0.302421
-0.303289
-0.304125
-0.304916
-0.305654
-0.306353
-0.306987
-0.307565
-0.308074
-0.30851
-0.308882
-0.309203
-0.309457
-0.309675
-0.309871
-0.310042
-0.310184
-0.310332
-0.31046
-0.310585
-0.310686
-0.310759
-0.310794
-0.310776
-0.31067
-0.310468
-0.310133
-0.309661
-0.308999
-0.308141
-0.307064
-0.305756
-0.304243
-0.302555
-0.300747
-0.298913
-0.297154
-0.295582
-0.294296
-0.293369
-0.292801
-0.292546
-0.292502
-0.292524
-0.292498
-0.2923
-0.291857
-0.291164
-0.290252
-0.289224
-0.288231
-0.287445
-0.287019
-0.2871
-0.287774
-0.289046
-0.290859
-0.293104
-0.295583
-0.298098
-0.300475
-0.302552
-0.30419
-0.305355
-0.306017
-0.306213
-0.30603
-0.305535
-0.304821
-0.303942
-0.302927
-0.301758
-0.300375
-0.298699
-0.2967
-0.29441
-0.291942
-0.289484
-0.287299
-0.285643
-0.284732
-0.284667
-0.285452
-0.286939
-0.288953
-0.291256
-0.293607
-0.295762
-0.297489
-0.29859
-0.298937
-0.298528
-0.297476
-0.296013
-0.294469
-0.293183
-0.29243
-0.292364
-0.293019
-0.294334
-0.296181
-0.298399
-0.300816
-0.303247
-0.305507
-0.307426
-0.308835
-0.309615
-0.309706
-0.309119
-0.307935
-0.306355
-0.304618
-0.303028
-0.301909
-0.301585
-0.302271
-0.30413
-0.307116
-0.311067
-0.315659
-0.320523
-0.325269
-0.329561
-0.333142
-0.335843
-0.337585
-0.338313
-0.338022
-0.336786
-0.334703
-0.331969
-0.328846
-0.325642
-0.322632
-0.320054
-0.318047
-0.316616
-0.315729
-0.315316
-0.315352
-0.315794
-0.316587
-0.317591
-0.318593
-0.319342
-0.319566
-0.319089
-0.317923
-0.316208
-0.314276
-0.31253
-0.311382
-0.31113
-0.311897
-0.313572
-0.31586
-0.318325
-0.320518
-0.322043
-0.322648
-0.322264
-0.321019
-0.31918
-0.317193
-0.315491
-0.3145
-0.314444
-0.31532
-0.316844
-0.31866
-0.320363
-0.32166
-0.322452
-0.322833
-0.322966
-0.32311
-0.323448
-0.324066
-0.324917
-0.325856
-0.326673
-0.327181
-0.327211
-0.326655
-0.325424
-0.323493
-0.32083
-0.317452
-0.313434
-0.308881
-0.304038
-0.299227
-0.294865
-0.291396
-0.289225
-0.288576
-0.289438
-0.291615
-0.2947
-0.298255
-0.301872
-0.305255
-0.308237
-0.310743
-0.312786
-0.314429
-0.315738
-0.31679
-0.317662
-0.318398
-0.319006
-0.319491
-0.319826
-0.319942
-0.319768
-0.319246
-0.318321
-0.316929
-0.315058
-0.3127
-0.309902
-0.30673
-0.303254
-0.299543
-0.295596
-0.291451
-0.287169
-0.282982
-0.279437
-0.277361
-0.277635
-0.280801
-0.28665
-0.294208
-0.30206
-0.308802
-0.313357
-0.315091
-0.313864
-0.310012
-0.304435
-0.298632
-0.294343
-0.292975
-0.29493
-0.299453
-0.305037
-0.310103
-0.31348
-0.314495
-0.312911
-0.308907
-0.303158
-0.296953
-0.292089
-0.290357
-0.292687
-0.298605
-0.30654
-0.314629
-0.32144
-0.32624
-0.328904
-0.329689
-0.329032
-0.327372
-0.325108
-0.322463
-0.319498
-0.316126
-0.312175
-0.307491
-0.302038
-0.296025
-0.289924
-0.284467
-0.280511
-0.278804
-0.279733
-0.2832
-0.288668
-0.295339
-0.302479
-0.309473
-0.315961
-0.321749
-0.326781
-0.331052
-0.334592
-0.337409
-0.339531
-0.340971
-0.341749
-0.341882
-0.341399
-0.340302
-0.338619
-0.33634
-0.333448
-0.32996
-0.325828
-0.321029
-0.315619
-0.309767
-0.303697
-0.297831
-0.292649
-0.288641
-0.286227
-0.285646
-0.286916
-0.289793
-0.293876
-0.298675
-0.303685
-0.30849
-0.312789
-0.316392
-0.319242
-0.321399
-0.322966
-0.324115
-0.325015
-0.325811
-0.32659
-0.327392
-0.328182
-0.328879
-0.329388
-0.329632
-0.32955
-0.32915
-0.328516
-0.327779
-0.327121
-0.326686
-0.326569
-0.326795
-0.327273
-0.32779
-0.328104
-0.327956
-0.327126
-0.325505
-0.323114
-0.320121
-0.316851
-0.313742
-0.311306
-0.310035
-0.310277
-0.312141
-0.315464
-0.319822
-0.324632
-0.329242
-0.333056
-0.335556
-0.336365
-0.335221
-0.331977
-0.326659
-0.319529
-0.311144
-0.302334
-0.294142
-0.287617
-0.283554
-0.282262
-0.283491
-0.28659
-0.290755
-0.295212
-0.299425
-0.303045
-0.305985
-0.308243
-0.30991
-0.311093
-0.311875
-0.312334
-0.312525
-0.312499
-0.312313
-0.312046
-0.311759
-0.311533
-0.311394
-0.31135
-0.311394
-0.311476
-0.311539
-0.311545
-0.311449
-0.311219
-0.310853
-0.310352
-0.309736
-0.309037
-0.308282
-0.30751
-0.306714
-0.30597
-0.305259
-0.30463
-0.30407
-0.303603
-0.303227
-0.302935
-0.30272
-0.30258
-0.30248
-0.302415
-0.302353
-0.302271
-0.302117
-0.301856
-0.301415
-0.300754
-0.299806
-0.298518
-0.296854
-0.294839
-0.292549
-0.290121
-0.287819
-0.285925
-0.284756
-0.284522
-0.285346
-0.287132
-0.289687
-0.292703
-0.295899
-0.29905
-0.302005
-0.30468
-0.307052
-0.309124
-0.310911
-0.31242
-0.313647
-0.314572
-0.315157
-0.315356
-0.315112
-0.314373
-0.313075
-0.311136
-0.308519
-0.30519
-0.301185
-0.296615
-0.291693
-0.286622
-0.281533
-0.276256
-0.270347
-0.263204
-0.25455
-0.245005
-0.23646
-0.23191
-0.23428
-0.244764
-0.261986
-0.282635
-0.303162
-0.321084
-0.335278
-0.345657
-0.352695
-0.357013
-0.359252
-0.359928
-0.359459
-0.358169
-0.356302
-0.354021
-0.351408
-0.348524
-0.345377
-0.341915
-0.338095
-0.3339
-0.329357
-0.324519
-0.319577
-0.314762
-0.310425
-0.306883
-0.304444
-0.303323
-0.303562
-0.305061
-0.307617
-0.310942
-0.314728
-0.318729
-0.322736
-0.326635
-0.330363
-0.333907
-0.337247
-0.340386
-0.343316
-0.346015
-0.348441
-0.350566
-0.352356
-0.353775
-0.354806
-0.35544
-0.355671
-0.355484
-0.354878
-0.353843
-0.352385
-0.350501
-0.348194
-0.345503
-0.342502
-0.339281
-0.33597
-0.332716
-0.329689
-0.327012
-0.3248
-0.323107
-0.321986
-0.321418
-0.321404
-0.321892
-0.322811
-0.324025
-0.325354
-0.326589
-0.327527
-0.328014
-0.327922
-0.327195
-0.32581
-0.323746
-0.320975
-0.317494
-0.313329
-0.308602
-0.303591
-0.29873
-0.294571
-0.291652
-0.29033
-0.290655
-0.292386
-0.295054
-0.298114
-0.301159
-0.30391
-0.306304
-0.308405
-0.310319
-0.31215
-0.313981
-0.315843
-0.317749
-0.319679
-0.321601
-0.323466
-0.325189
-0.326699
-0.327933
-0.328813
-0.329333
-0.329475
-0.329279
-0.328782
-0.328044
-0.327122
-0.326073
-0.324933
-0.323717
-0.322413
-0.320984
-0.319356
-0.317434
-0.315136
-0.312345
-0.308979
-0.304988
-0.300353
-0.29523
-0.289802
-0.284433
-0.27955
-0.275628
-0.273103
-0.272239
-0.273102
-0.275531
-0.279186
-0.283641
-0.288435
-0.29319
-0.297648
-0.301652
-0.305154
-0.308177
-0.310759
-0.312968
-0.314872
-0.316532
-0.317975
-0.319239
-0.320315
-0.321193
-0.32186
-0.322269
-0.322385
-0.322154
-0.321524
-0.320456
-0.318908
-0.316894
-0.314498
-0.311865
-0.309246
-0.306942
-0.305308
-0.30464
-0.305106
-0.306711
-0.309309
-0.312615
-0.316335
-0.32018
-0.323951
-0.327499
-0.330761
-0.333706
-0.336374
-0.338754
-0.34085
-0.342628
-0.344028
-0.344916
-0.345095
-0.344331
-0.342305
-0.338737
-0.333477
-0.326611
-0.318653
-0.310603
-0.303835
-0.299641
-0.298836
-0.301388
-0.306596
-0.31334
-0.320556
-0.32734
-0.333096
-0.337515
-0.340525
-0.342232
-0.342849
-0.342647
-0.341916
-0.340917
-0.339903
-0.339084
-0.338646
-0.338751
-0.339514
-0.34099
-0.343165
-0.34597
-0.349241
-0.352788
-0.356433
-0.360045
-0.36354
-0.366853
-0.369984
-0.372951
-0.375753
-0.378383
-0.380805
-0.382987
-0.384848
-0.386278
-0.387177
-0.387404
-0.386818
-0.385215
-0.38237
-0.37798
-0.371762
-0.363463
-0.353079
-0.341076
-0.328654
-0.317614
-0.309777
-0.306052
-0.305958
-0.308151
-0.311387
-0.3151
-0.319263
-0.323949
-0.328916
-0.333692
-0.337735
-0.340682
-0.342457
-0.343224
-0.34334
-0.343287
-0.343565
-0.344617
-0.346703
-0.349889
-0.353984
-0.358674
-0.363589
-0.368343
-0.3727
-0.376506
-0.379675
-0.382214
-0.384169
-0.385573
-0.386486
-0.386943
-0.386976
-0.386563
-0.385721
-0.38441
-0.382596
-0.380277
-0.37747
-0.374281
-0.370888
-0.367577
-0.364725
-0.362743
-0.36197
-0.362576
-0.364552
-0.367667
-0.371566
-0.375845
-0.380108
-0.384085
-0.387558
-0.390403
-0.392591
-0.394108
-0.395035
-0.395433
-0.39543
-0.395169
-0.394782
-0.394397
-0.394117
-0.394032
-0.394158
-0.394496
-0.394994
-0.395576
-0.39618
-0.396724
-0.397151
-0.397441
-0.397614
-0.397698
-0.397776
-0.397907
-0.398141
-0.398526
-0.399056
-0.399779
-0.400474
-0.401125
-0.401633
-0.401929
-0.401953
-0.40166
-0.401044
-0.400127
-0.39896
-0.397622
-0.396207
-0.394802
-0.393522
-0.392436
-0.391597
-0.391062
-0.390817
-0.390858
-0.391147
-0.39169
-0.392473
-0.393468
-0.394693
-0.396145
-0.397804
-0.399663
-0.401668
-0.403763
-0.405854
-0.407856
-0.409666
-0.41123
-0.412482
-0.413386
-0.413919
-0.414057
-0.413813
-0.413192
-0.4122
-0.41085
-0.409151
-0.407101
-0.404706
-0.401979
-0.398896
-0.395504
-0.391816
-0.387888
-0.383788
-0.37965
-0.375614
-0.371833
-0.36848
-0.365737
-0.363738
-0.362589
-0.36232
-0.362906
-0.364246
-0.366181
-0.368471
-0.370904
-0.373194
-0.375085
-0.376315
-0.376636
-0.3758
-0.373596
-0.369925
-0.364867
-0.358834
-0.352709
-0.347772
-0.345336
-0.346238
-0.350395
-0.356857
-0.364299
-0.371537
-0.377817
-0.382836
-0.386566
-0.389171
-0.390868
-0.391878
-0.392362
-0.392462
-0.392265
-0.391834
-0.391196
-0.39038
-0.389375
-0.388196
-0.386848
-0.385396
-0.383901
-0.382484
-0.381273
-0.380324
-0.379661
-0.37921
-0.378772
-0.378057
-0.376682
-0.374311
-0.370667
-0.365734
-0.359701
-0.353145
-0.346934
-0.342101
-0.339544
-0.339775
-0.34275
-0.347894
-0.354343
-0.361255
-0.36802
-0.374323
-0.38008
-0.385361
-0.390273
-0.394914
-0.399299
-0.403402
-0.407118
-0.410321
-0.412884
-0.414701
-0.415709
-0.415884
-0.415306
-0.414131
-0.41258
-0.41096
-0.409556
-0.408615
-0.408261
-0.408515
-0.409318
-0.410561
-0.412127
-0.413951
-0.415973
-0.418165
-0.420465
-0.422796
-0.425034
-0.427053
-0.428686
-0.429784
-0.430169
-0.429743
-0.428387
-0.426001
-0.422522
-0.41796
-0.41239
-0.406105
-0.399634
-0.393744
-0.389333
-0.387132
-0.387435
-0.38995
-0.393913
-0.398436
-0.40271
-0.406206
-0.408688
-0.4101
-0.410564
-0.410236
-0.409329
-0.408081
-0.406759
-0.405644
-0.404984
-0.405017
-0.405886
-0.407639
-0.410216
-0.413468
-0.417191
-0.421164
-0.425163
-0.428998
-0.43254
-0.435687
-0.438418
-0.440738
-0.442623
-0.444089
-0.445079
-0.445461
-0.445049
-0.443588
-0.440796
-0.436461
-0.430478
-0.422959
-0.414336
-0.405278
-0.396647
-0.389237
-0.38361
-0.379959
-0.378166
-0.377978
-0.379127
-0.381377
-0.384477
-0.388069
-0.391667
-0.394763
-0.396916
-0.397962
-0.397952
-0.397207
-0.396191
-0.395378
-0.395205
-0.395968
-0.397768
-0.400472
-0.40382
-0.407469
-0.41101
-0.41412
-0.416571
-0.418198
-0.418915
-0.418655
-0.417392
-0.415121
-0.411858
-0.407651
-0.402627
-0.397017
-0.391043
-0.384979
-0.379021
-0.373341
-0.368147
-0.363848
-0.361048
-0.360434
-0.362466
-0.366981
-0.373251
-0.380229
-0.386911
-0.392626
-0.397027
-0.400068
-0.401874
-0.402613
-0.40249
-0.401647
-0.40015
-0.398022
-0.395154
-0.391372
-0.386425
-0.38003
-0.371939
-0.36205
-0.350718
-0.339
-0.328858
-0.322762
-0.322658
-0.328776
-0.339441
-0.352034
-0.364248
-0.374698
-0.382817
-0.388616
-0.392313
-0.39424
-0.394688
-0.393959
-0.392319
-0.390054
-0.387469
-0.384868
-0.382538
-0.380712
-0.379533
-0.379052
-0.379198
-0.379818
-0.380808
-0.381977
-0.383188
-0.384322
-0.385243
-0.385859
-0.386113
-0.385968
-0.38545
-0.3846
-0.383497
-0.382242
-0.380905
-0.379549
-0.378187
-0.376846
-0.375517
-0.374186
-0.37286
-0.37156
-0.370364
-0.369359
-0.368682
-0.368469
-0.368791
-0.369652
-0.370933
-0.372452
-0.373989
-0.375357
-0.37642
-0.37708
-0.377414
-0.377536
-0.377616
-0.37782
-0.378275
-0.379053
-0.380152
-0.381548
-0.383155
-0.384892
-0.386683
-0.388448
-0.390131
-0.391627
-0.392872
-0.39375
-0.394125
-0.39386
-0.39275
-0.39057
-0.387038
-0.381837
-0.374629
-0.365137
-0.353346
-0.339833
-0.325989
-0.314065
-0.306515
-0.304858
-0.308837
-0.316768
-0.326503
-0.33643
-0.345686
-0.354011
-0.361437
-0.368067
-0.373958
-0.379119
-0.383529
-0.38718
-0.390025
-0.392076
-0.393401
-0.394084
-0.394224
-0.393929
-0.393281
-0.392327
-0.391105
-0.389627
-0.387901
-0.385979
-0.383906
-0.381747
-0.379482
-0.377054
-0.374378
-0.371387
-0.368185
-0.365065
-0.362554
-0.361266
-0.361774
-0.364377
-0.368983
-0.375153
-0.382176
-0.389299
-0.395889
-0.401524
-0.406026
-0.409404
-0.411886
-0.413233
-0.413813
-0.413706
-0.412918
-0.411361
-0.408854
-0.405195
-0.400181
-0.393653
-0.385732
-0.37683
-0.367732
-0.359532
-0.353307
-0.349747
-0.348847
-0.349886
-0.35179
-0.353532
-0.35453
-0.354785
-0.354708
-0.354854
-0.355645
-0.357121
-0.35904
-0.360952
-0.362421
-0.363259
-0.363598
-0.363859
-0.364573
-0.366226
-0.369122
-0.37327
-0.378359
-0.383946
-0.389522
-0.394658
-0.39904
-0.402468
-0.404888
-0.406277
-0.406692
-0.40618
-0.404833
-0.402737
-0.400002
-0.396723
-0.393052
-0.389142
-0.385134
-0.381162
-0.377306
-0.373613
-0.370055
-0.366551
-0.36301
-0.359319
-0.355391
-0.351223
-0.346907
-0.342638
-0.338764
-0.33577
-0.334087
-0.334024
-0.3356
-0.338597
-0.342567
-0.347071
-0.351722
-0.356249
-0.360509
-0.364444
-0.368049
-0.37133
-0.374292
-0.376966
-0.379358
-0.381489
-0.383368
-0.384998
-0.38637
-0.387486
-0.388323
-0.388857
-0.389055
-0.388879
-0.388284
-0.387241
-0.385744
-0.383828
-0.381586
-0.379178
-0.37686
-0.374935
-0.373719
-0.373494
-0.374451
-0.376609
-0.379841
-0.383885
-0.388427
-0.393087
-0.397538
-0.40146
-0.404596
-0.406739
-0.407727
-0.407423
-0.405729
-0.402612
-0.39813
-0.392443
-0.385905
-0.379046
-0.37257
-0.367208
-0.363602
-0.362202
-0.363212
-0.366582
-0.372082
-0.379327
-0.387792
-0.396849
-0.405919
-0.414495
-0.422208
-0.428846
-0.434351
-0.438784
-0.44236
-0.445351
-0.448088
-0.450839
-0.453784
-0.456963
-0.460286
-0.463607
-0.466753
-0.469561
-0.471966
-0.473956
-0.475528
-0.476733
-0.477615
-0.478214
-0.478548
-0.478588
-0.478253
-0.477388
-0.475804
-0.473186
-0.469192
-0.463502
-0.455942
-0.446632
-0.436147
-0.425495
-0.415918
-0.408557
-0.404148
-0.402979
-0.404854
-0.409244
-0.415179
-0.421404
-0.426584
-0.429632
-0.430033
-0.427934
-0.424054
-0.419409
-0.415092
-0.412009
-0.410752
-0.411561
-0.414315
-0.418562
-0.423715
-0.429156
-0.434378
-0.439061
-0.443032
-0.446268
-0.448814
-0.450766
-0.452255
-0.45342
-0.45442
-0.4554
-0.45648
-0.457741
-0.459233
-0.460922
-0.462731
-0.46456
-0.466289
-0.467761
-0.468828
-0.469336
-0.469136
-0.468103
-0.466109
-0.463089
-0.459057
-0.454101
-0.44847
-0.442509
-0.436652
-0.431324
-0.426823
-0.423267
-0.420601
-0.418589
-0.416942
-0.415373
-0.413649
-0.411689
-0.409591
-0.407657
-0.406349
-0.406114
-0.40727
-0.40987
-0.413677
-0.418236
-0.422989
-0.427479
-0.431319
-0.434289
-0.436368
-0.437676
-0.438513
-0.439235
-0.440241
-0.44187
-0.444258
-0.447373
-0.45097
-0.454711
-0.458268
-0.461312
-0.463629
-0.465079
-0.465558
-0.465005
-0.46341
-0.460778
-0.457207
-0.452878
-0.448081
-0.443177
-0.438497
-0.434238
-0.430391
-0.426809
-0.423325
-0.419943
-0.416846
-0.414365
-0.412791
-0.412318
-0.412918
-0.41445
-0.416736
-0.419539
-0.422617
-0.425712
-0.428585
-0.430975
-0.432673
-0.433511
-0.433358
-0.432179
-0.430026
-0.427104
-0.423808
-0.420654
-0.418286
-0.417226
-0.417702
-0.419551
-0.422281
-0.425227
-0.427777
-0.429493
-0.430207
-0.429942
-0.428917
-0.427455
-0.425932
-0.424694
-0.42398
-0.423876
-0.424341
-0.425213
-0.426275
-0.427272
-0.427945
-0.428064
-0.427362
-0.42558
-0.422447
-0.417696
-0.411275
-0.403513
-0.395289
-0.388146
-0.383865
-0.383697
-0.387629
-0.39438
-0.402091
-0.409146
-0.414577
-0.418037
-0.419596
-0.419547
-0.418252
-0.416121
-0.413538
-0.410887
-0.408494
-0.406636
-0.405505
-0.405188
-0.405697
-0.406977
-0.408914
-0.411357
-0.414079
-0.416796
-0.419202
-0.421021
-0.422015
-0.422089
-0.421296
-0.419804
-0.417857
-0.415646
-0.413236
-0.410556
-0.407549
-0.404329
-0.401367
-0.399406
-0.399226
-0.401287
-0.405455
-0.411086
-0.417289
-0.423209
-0.428314
-0.432304
-0.435113
-0.436818
-0.437548
-0.437446
-0.436636
-0.435181
-0.433113
-0.430419
-0.427033
-0.422865
-0.417843
-0.411952
-0.405388
-0.398596
-0.392326
-0.387524
-0.385084
-0.385424
-0.388319
-0.392981
-0.398402
-0.403667
-0.408149
-0.411576
-0.413908
-0.415235
-0.415726
-0.415544
-0.414823
-0.413666
-0.412121
-0.41022
-0.407947
-0.405315
-0.40234
-0.39909
-0.395677
-0.392277
-0.389126
-0.386454
-0.384485
-0.38331
-0.382836
-0.382895
-0.383034
-0.382787
-0.381705
-0.379465
-0.37602
-0.371633
-0.366999
-0.363072
-0.360802
-0.36077
-0.362913
-0.366597
-0.370917
-0.375025
-0.378366
-0.380684
-0.38194
-0.382245
-0.381784
-0.380782
-0.37941
-0.377857
-0.376273
-0.374749
-0.37333
-0.372052
-0.37087
-0.369743
-0.368621
-0.367445
-0.366153
-0.364709
-0.36308
-0.361266
-0.359267
-0.35713
-0.354888
-0.352636
-0.350476
-0.348548
-0.346985
-0.34592
-0.345453
-0.345608
-0.346384
-0.347665
-0.349323
-0.351172
-0.353065
-0.354856
-0.356472
-0.357825
-0.358939
-0.359825
-0.360549
-0.3612
-0.361867
-0.36266
-0.363656
-0.364898
-0.366416
-0.368163
-0.370074
-0.372014
-0.373856
-0.375418
-0.376535
-0.37701
-0.376632
-0.375191
-0.372438
-0.368096
-0.361933
-0.353732
-0.343425
-0.331256
-0.317874
-0.304448
-0.292623
-0.284183
-0.280561
-0.282398
-0.289427
-0.300587
-0.314366
-0.329169
-0.3436
-0.356601
-0.367554
-0.376242
-0.38275
-0.387404
-0.39059
-0.392712
-0.394138
-0.395064
-0.39558
-0.395707
-0.395369
-0.394487
-0.39301
-0.390952
-0.388403
-0.385534
-0.382576
-0.379726
-0.377173
-0.375029
-0.373331
-0.372087
-0.371319
-0.37109
-0.371517
-0.372676
-0.374587
-0.377148
-0.380086
-0.383056
-0.385709
-0.387684
-0.388765
-0.388847
-0.387967
-0.386333
-0.384235
-0.38207
-0.380224
-0.379029
-0.378689
-0.379306
-0.380852
-0.383222
-0.386265
-0.389806
-0.39367
-0.397657
-0.401577
-0.405237
-0.408442
-0.411033
-0.412838
-0.413694
-0.413453
-0.412006
-0.409266
-0.405301
-0.400325
-0.39483
-0.389644
-0.385787
-0.38423
-0.385508
-0.389429
-0.395219
-0.401851
-0.408371
-0.414121
-0.418755
-0.422173
-0.424389
-0.425501
-0.425641
-0.424964
-0.423657
-0.421934
-0.420054
-0.418272
-0.416741
-0.415513
-0.414474
-0.413415
-0.412092
-0.410393
-0.408368
-0.406305
-0.404651
-0.403875
-0.404259
-0.405812
-0.408161
-0.410685
-0.412713
-0.413708
-0.413477
-0.412264
-0.410727
-0.409749
-0.410065
-0.411969
-0.415199
-0.419104
-0.422972
-0.426244
-0.42866
-0.430131
-0.430704
-0.430501
-0.429645
-0.428295
-0.42664
-0.424927
-0.423355
-0.422112
-0.421288
-0.420882
-0.42081
-0.420906
-0.421011
-0.420946
-0.420661
-0.420189
-0.419646
-0.419194
-0.419007
-0.419142
-0.419552
-0.420092
-0.420549
-0.420767
-0.420724
-0.420538
-0.420427
-0.420636
-0.421331
-0.422545
-0.424166
-0.425962
-0.427685
-0.429075
-0.429931
-0.430105
-0.429481
-0.427983
-0.425594
-0.422341
-0.418335
-0.413779
-0.408942
-0.404148
-0.399765
-0.396182
-0.393779
-0.392852
-0.393539
-0.395698
-0.398937
-0.402654
-0.40619
-0.408998
-0.410747
-0.411329
-0.410856
-0.40959
-0.407895
-0.406125
-0.404605
-0.40359
-0.403207
-0.403441
-0.404198
-0.405301
-0.406526
-0.407669
-0.408592
-0.409188
-0.409447
-0.409371
-0.409048
-0.40852
-0.407883
-0.407208
-0.406544
-0.405876
-0.40516
-0.404269
-0.403068
-0.401425
-0.399339
-0.396954
-0.394538
-0.392482
-0.39112
-0.390666
-0.391098
-0.392196
-0.39364
-0.395099
-0.396349
-0.39727
-0.397883
-0.398277
-0.39863
-0.39911
-0.399868
-0.401054
-0.402712
-0.404857
-0.407424
-0.410302
-0.413319
-0.416275
-0.418961
-0.421184
-0.422759
-0.42354
-0.423475
-0.422558
-0.420813
-0.418318
-0.41512
-0.411237
-0.406653
-0.401446
-0.395831
-0.390312
-0.385552
-0.382176
-0.380501
-0.380369
-0.381243
-0.382495
-0.38367
-0.384665
-0.385596
-0.386711
-0.388219
-0.390203
-0.392544
-0.395037
-0.397467
-0.399642
-0.401462
-0.402873
-0.403838
-0.404262
-0.404062
-0.403141
-0.401508
-0.399302
-0.396856
-0.394629
-0.393105
-0.392623
-0.393301
-0.394983
-0.397306
-0.39984
-0.402189
-0.404073
-0.405405
-0.406247
-0.406818
-0.407341
-0.40803
-0.408976
-0.410175
-0.411463
-0.412627
-0.413402
-0.413497
-0.412664
-0.410752
-0.40768
-0.403602
-0.398787
-0.393679
-0.388805
-0.384506
-0.380845
-0.377495
-0.373981
-0.36997
-0.365569
-0.361394
-0.35835
-0.357109
-0.357746
-0.359669
-0.361959
-0.363814
-0.364827
-0.364947
-0.36439
-0.363473
-0.362442
-0.361422
-0.360373
-0.359157
-0.357588
-0.355558
-0.353096
-0.350434
-0.347982
-0.346222
-0.345525
-0.346024
-0.347493
-0.349496
-0.351623
-0.352924
-0.353253
-0.352433
-0.350444
-0.34744
-0.343706
-0.339681
-0.335949
-0.333167
-0.331937
-0.332599
-0.335159
-0.339211
-0.344131
-0.349185
-0.353752
-0.357308
-0.359457
-0.359889
-0.358343
-0.354643
-0.34878
-0.341031
-0.332165
-0.323416
-0.316193
-0.311545
-0.309744
-0.31029
-0.312469
-0.315748
-0.319913
-0.324761
-0.329924
-0.334786
-0.338681
-0.341089
-0.341754
-0.340665
-0.338006
-0.334082
-0.329293
-0.324037
-0.318785
-0.313933
-0.309885
-0.307003
-0.305597
-0.305812
-0.30766
-0.311005
-0.315568
-0.320965
-0.326766
-0.332555
-0.337942
-0.342605
-0.346316
-0.34895
-0.35048
-0.350987
-0.350615
-0.349576
-0.348077
-0.346337
-0.344529
-0.342769
-0.341148
-0.33974
-0.338643
-0.337951
-0.337743
-0.338035
-0.338751
-0.339762
-0.340888
-0.342022
-0.343087
-0.344087
-0.345088
-0.346139
-0.347311
-0.348603
-0.349982
-0.351368
-0.35263
-0.353657
-0.354333
-0.354583
-0.354346
-0.353591
-0.352326
-0.350558
-0.348312
-0.345619
-0.342546
-0.33913
-0.335442
-0.331567
-0.327642
-0.323825
-0.320288
-0.317222
-0.314823
-0.313248
-0.312597
-0.312875
-0.314018
-0.315895
-0.318321
-0.321068
-0.323932
-0.32674
-0.32936
-0.331707
-0.333739
-0.335453
-0.336842
-0.337931
-0.338761
-0.339355
-0.339749
-0.339979
-0.340069
-0.340055
-0.339966
-0.339821
-0.339647
-0.339483
-0.339328
-0.339207
-0.339127
-0.339116
-0.3392
-0.339359
-0.339607
-0.339954
-0.340376
-0.340888
-0.341422
-0.341967
-0.34249
-0.342943
-0.343271
-0.343423
-0.343363
-0.34307
-0.342556
-0.341864
-0.341098
-0.340395
-0.339924
-0.33982
-0.340183
-0.341035
-0.342293
-0.343798
-0.345381
-0.346865
-0.34813
-0.349079
-0.349646
-0.349754
-0.349308
-0.34813
-0.346061
-0.343004
-0.339032
-0.334508
-0.330026
-0.326273
-0.323817
-0.322837
-0.323081
-0.323987
-0.324979
-0.325712
-0.326278
-0.327156
-0.329008
-0.332279
-0.336921
-0.342359
-0.347742
-0.352268
-0.355481
-0.357254
-0.357806
-0.357524
-0.356834
-0.356096
-0.355563
-0.355256
-0.355076
-0.354776
-0.354143
-0.353164
-0.352013
-0.351082
-0.35083
-0.351588
-0.353434
-0.356146
-0.359313
-0.362478
-0.3653
-0.36753
-0.369105
-0.370028
-0.370381
-0.370262
-0.369774
-0.369012
-0.368041
-0.366917
-0.36569
-0.364405
-0.363082
-0.361753
-0.360464
-0.359252
-0.358191
-0.357344
-0.356782
-0.356597
-0.356835
-0.357545
-0.358714
-0.360313
-0.362276
-0.364516
-0.366951
-0.369473
-0.372008
-0.374471
-0.37676
-0.378776
-0.380357
-0.381264
-0.381165
-0.379569
-0.37586
-0.369322
-0.359448
-0.34643
-0.331972
-0.319596
-0.313473
-0.315754
-0.324741
-0.336098
-0.345649
-0.350992
-0.351612
-0.348424
-0.343346
-0.338849
-0.337151
-0.339196
-0.344312
-0.350776
-0.356925
-0.361856
-0.365431
-0.368065
-0.370335
-0.372731
-0.375554
-0.37883
-0.382434
-0.386124
-0.389606
-0.392661
-0.395161
-0.397028
-0.398306
-0.399107
-0.399594
-0.399938
-0.400292
-0.400744
-0.4013
-0.40188
-0.402313
-0.402376
-0.401855
-0.40054
-0.398289
-0.395029
-0.390812
-0.385812
-0.380335
-0.374804
-0.369704
-0.365523
-0.36268
-0.361365
-0.361615
-0.363248
-0.366022
-0.369612
-0.373709
-0.378034
-0.382344
-0.386401
-0.389987
-0.392908
-0.395061
-0.396362
-0.396817
-0.396521
-0.395578
-0.394134
-0.392315
-0.390233
-0.387945
-0.385467
-0.382842
-0.38006
-0.377192
-0.374355
-0.371721
-0.369475
-0.367802
-0.3668
-0.366473
-0.366761
-0.367508
-0.368557
-0.369807
-0.371182
-0.372664
-0.374274
-0.376033
-0.377951
-0.38002
-0.382178
-0.384351
-0.386426
-0.388282
-0.389822
-0.390917
-0.391504
-0.391505
-0.390877
-0.389551
-0.387502
-0.384648
-0.380943
-0.37631
-0.370709
-0.364125
-0.356753
-0.349056
-0.341831
-0.336133
-0.332944
-0.332772
-0.335373
-0.339839
-0.345023
-0.349884
-0.35382
-0.356606
-0.358354
-0.35931
-0.359779
-0.360081
-0.360442
-0.360987
-0.361771
-0.362815
-0.364068
-0.365516
-0.36713
-0.368843
-0.370607
-0.372377
-0.374059
-0.375622
-0.376989
-0.378123
-0.378976
-0.379502
-0.37967
-0.379424
-0.378689
-0.377422
-0.375479
-0.372777
-0.369229
-0.364746
-0.359372
-0.353228
-0.346644
-0.340046
-0.333954
-0.328776
-0.324728
-0.32151
-0.319502
-0.318153
-0.317411
-0.317358
-0.318051
-0.319453
-0.321346
-0.323358
-0.325123
-0.326387
-0.327106
-0.327438
-0.327649
-0.328081
-0.328961
-0.330429
-0.332518
-0.335142
-0.338153
-0.341371
-0.344572
-0.347559
-0.350165
-0.352273
-0.353834
-0.354875
-0.355418
-0.35553
-0.355273
-0.354712
-0.353904
-0.352887
-0.351715
-0.350446
-0.349149
-0.347915
-0.346838
-0.346009
-0.345467
-0.345222
-0.345182
-0.345162
-0.344943
-0.344261
-0.342864
-0.340574
-0.337365
-0.333398
-0.329116
-0.325122
-0.322073
-0.320465
-0.320489
-0.322008
-0.324672
-0.328065
-0.331861
-0.335817
-0.339762
-0.343593
-0.347223
-0.350612
-0.353733
-0.356604
-0.359212
-0.361551
-0.363584
-0.365245
-0.366458
-0.367088
-0.367003
-0.366053
-0.364116
-0.361139
-0.357168
-0.352403
-0.34721
-0.342032
-0.33728
-0.333236
-0.3299
-0.327034
-0.32431
-0.321477
-0.318448
-0.315387
-0.312647
-0.310691
-0.310018
-0.311076
-0.314112
-0.319141
-0.32589
-0.333886
-0.342554
-0.351307
-0.35966
-0.367271
-0.373945
-0.379591
-0.384191
-0.387822
-0.390577
-0.392587
-0.393974
-0.39487
-0.395404
-0.395697
-0.39585
-0.395977
-0.396122
-0.396327
-0.39662
-0.396984
-0.397424
-0.397903
-0.398393
-0.398872
-0.399311
-0.399705
-0.400027
-0.400242
-0.400339
-0.400241
-0.399879
-0.399167
-0.398004
-0.396278
-0.393886
-0.3907
-0.38663
-0.381476
-0.374956
-0.366669
-0.356278
-0.343772
-0.32989
-0.316393
-0.305694
-0.299921
-0.299837
-0.304721
-0.313078
-0.323525
-0.335056
-0.34696
-0.358625
-0.369487
-0.379073
-0.386972
-0.392842
-0.396169
-0.396143
-0.391604
-0.381311
-0.364795
-0.344071
-0.324934
-0.315121
-0.318547
-0.331641
-0.346959
-0.358882
-0.36541
-0.366895
-0.364705
-0.36081
-0.357621
-0.357586
-0.362101
-0.370644
-0.381014
-0.390544
-0.397141
-0.399696
-0.398009
-0.392596
-0.384791
-0.376666
-0.370746
-0.369005
-0.37199
-0.378592
-0.386857
-0.394995
-0.401964
-0.407432
-0.411527
-0.414521
-0.416774
-0.418516
-0.419945
-0.421174
-0.422272
-0.423226
-0.424023
-0.424607
-0.424931
-0.42492
-0.42449
-0.42357
-0.422056
-0.419861
-0.416936
-0.413211
-0.408693
-0.403441
-0.397592
-0.391394
-0.385199
-0.379407
-0.374461
-0.370788
-0.368677
-0.368249
-0.369368
-0.371705
-0.374761
-0.378017
-0.381029
-0.383452
-0.385105
-0.385889
-0.385751
-0.384631
-0.382431
-0.379051
-0.374421
-0.368596
-0.361946
-0.355187
-0.349413
-0.345863
-0.345439
-0.348369
-0.354091
-0.361582
-0.369728
-0.377608
-0.384603
-0.390318
-0.394559
-0.397202
-0.398201
-0.397507
-0.395174
-0.391266
-0.385965
-0.379587
-0.3726
-0.365649
-0.359499
-0.354866
-0.352342
-0.352129
-0.354017
-0.357497
-0.361834
-0.366329
-0.370432
-0.373804
-0.376266
-0.377818
-0.37852
-0.378472
-0.377825
-0.37669
-0.375188
-0.37342
-0.371485
-0.369481
-0.367512
-0.365649
-0.363971
-0.362516
-0.3613
-0.360329
-0.359576
-0.359025
-0.358657
-0.35847
-0.358482
-0.358688
-0.359098
-0.359655
-0.360279
-0.360829
-0.361149
-0.361074
-0.360438
-0.35914
-0.357131
-0.354482
-0.35135
-0.348016
-0.344796
-0.342035
-0.340018
-0.338896
-0.338657
-0.33914
-0.340087
-0.341185
-0.342227
-0.343054
-0.343655
-0.344087
-0.344456
-0.344895
-0.345492
-0.346321
-0.347406
-0.348703
-0.350177
-0.351688
-0.353084
-0.354146
-0.354628
-0.354249
-0.352743
-0.349965
-0.345949
-0.341104
-0.336263
-0.332607
-0.331277
-0.332915
-0.337292
-0.343478
-0.350217
-0.356465
-0.361542
-0.365145
-0.367228
-0.367909
-0.36733
-0.365664
-0.363103
-0.35988
-0.356316
-0.352787
-0.349693
-0.347457
-0.346336
-0.346386
-0.347407
-0.348994
-0.350621
-0.351707
-0.35176
-0.350338
-0.347202
-0.342375
-0.336352
-0.33011
-0.32505
-0.322565
-0.323393
-0.327263
-0.333053
-0.339396
-0.345178
-0.349811
-0.353126
-0.35524
-0.356364
-0.356737
-0.356537
-0.355933
-0.355058
-0.354036
-0.352981
-0.352006
-0.351146
-0.350318
-0.349258
-0.34753
-0.344613
-0.340106
-0.333989
-0.326873
-0.320158
-0.315694
-0.315016
-0.318477
-0.324997
-0.332658
-0.339541
-0.344305
-0.346313
-0.345516
-0.34235
-0.337727
-0.33289
-0.329241
-0.327918
-0.329348
-0.333217
-0.338645
-0.345272
-0.351052
-0.356192
-0.360553
-0.364172
-0.367148
-0.369597
-0.371614
-0.373273
-0.374623
-0.375716
-0.37657
-0.377219
-0.377679
-0.377968
-0.378092
-0.37806
-0.377861
-0.377484
-0.376893
-0.376054
-0.374938
-0.373505
-0.371756
-0.369691
-0.367392
-0.364946
-0.3625
-0.360236
-0.358308
-0.356828
-0.355811
-0.355171
-0.354747
-0.354356
-0.35384
-0.353143
-0.352317
-0.351526
-0.350921
-0.350601
-0.350487
-0.350392
-0.349985
-0.348938
-0.347009
-0.344115
-0.340348
-0.335964
-0.33141
-0.327202
-0.323884
-0.32194
-0.321679
-0.323177
-0.32629
-0.330673
-0.335903
-0.341543
-0.347256
-0.352789
-0.357993
-0.362761
-0.367068
-0.370887
-0.374207
-0.377
-0.379256
-0.380959
-0.382064
-0.382547
-0.38237
-0.381492
-0.379835
-0.37736
-0.374002
-0.369735
-0.364627
-0.358829
-0.352712
-0.3468
-0.341796
-0.338394
-0.33713
-0.338126
-0.341036
-0.345238
-0.349957
-0.354505
-0.358399
-0.361391
-0.363391
-0.364406
-0.364532
-0.363895
-0.362622
-0.360857
-0.358707
-0.356292
-0.35374
-0.351104
-0.348505
-0.346027
-0.343756
-0.341776
-0.340148
-0.338925
-0.338122
-0.337751
-0.337764
-0.338077
-0.338612
-0.339254
-0.33992
-0.34053
-0.341057
-0.341531
-0.341999
-0.342548
-0.343251
-0.344172
-0.345346
-0.346742
-0.348303
-0.349934
-0.351535
-0.353015
-0.354327
-0.355411
-0.356276
-0.356906
-0.357295
-0.357449
-0.357299
-0.356777
-0.355796
-0.354271
-0.352118
-0.349279
-0.345772
-0.341691
-0.337277
-0.33286
-0.32888
-0.325797
-0.324043
-0.323852
-0.325276
-0.328097
-0.331963
-0.336452
-0.341148
-0.345701
-0.349888
-0.353538
-0.356546
-0.358876
-0.360513
-0.361479
-0.361812
-0.361603
-0.360977
-0.36009
-0.35914
-0.358298
-0.357722
-0.357488
-0.357609
-0.35802
-0.358626
-0.359331
-0.360063
-0.360778
-0.361474
-0.362159
-0.362848
-0.363542
-0.364249
-0.364941
-0.365633
-0.366345
-0.367137
-0.368078
-0.369212
-0.370547
-0.372041
-0.373625
-0.375187
-0.376622
-0.377852
-0.378879
-0.379729
-0.380501
-0.381288
-0.382174
-0.383185
-0.384306
-0.385443
-0.386445
-0.387175
-0.387443
-0.387136
-0.386159
-0.384484
-0.382116
-0.379082
-0.375458
-0.371272
-0.366537
-0.36124
-0.355374
-0.348965
-0.342143
-0.33516
-0.328372
-0.322158
-0.316872
-0.312749
-0.30985
-0.308168
-0.307624
-0.308228
-0.310036
-0.313099
-0.317455
-0.322998
-0.329496
-0.336576
-0.343826
-0.350868
-0.35738
-0.363162
-0.368099
-0.372135
-0.375296
-0.377652
-0.379278
-0.380263
-0.380677
-0.380631
-0.380181
-0.379386
-0.378311
-0.376987
-0.375438
-0.373685
-0.371739
-0.369575
-0.367212
-0.364619
-0.36182
-0.358821
-0.35569
-0.352531
-0.349496
-0.346742
-0.344452
-0.342771
-0.341737
-0.341331
-0.341394
-0.341727
-0.342092
-0.342293
-0.342149
-0.341587
-0.340587
-0.339229
-0.337651
-0.336044
-0.334639
-0.333646
-0.333244
-0.333528
-0.334449
-0.335863
-0.33755
-0.339227
-0.340623
-0.34149
-0.341645
-0.340992
-0.339456
-0.337067
-0.333942
-0.33028
-0.326361
-0.322517
-0.319118
-0.316538
-0.315089
-0.314935
-0.316122
-0.318512
-0.321837
-0.325744
-0.329842
-0.333793
-0.337343
-0.340302
-0.342591
-0.344145
-0.344973
-0.345142
-0.344695
-0.343711
-0.342258
-0.340431
-0.33828
-0.335924
-0.333406
-0.33081
-0.328186
-0.3256
-0.323086
-0.320667
-0.318397
-0.3163
-0.314434
-0.312899
-0.311762
-0.31113
-0.311071
-0.311598
-0.312676
-0.314184
-0.315991
-0.317902
-0.319778
-0.321517
-0.323031
-0.324274
-0.325253
-0.325978
-0.326474
-0.326804
-0.326969
-0.32703
-0.326987
-0.326886
-0.326749
-0.326574
-0.326344
-0.326072
-0.32574
-0.325332
-0.324838
-0.324186
-0.323381
-0.322394
-0.321224
-0.319878
-0.318406
-0.316881
-0.315377
-0.314003
-0.312872
-0.312091
-0.311721
-0.3118
-0.312319
-0.313221
-0.314401
-0.315767
-0.317209
-0.318618
-0.319942
-0.321128
-0.322182
-0.323151
-0.324069
-0.325017
-0.326032
-0.327189
-0.328488
-0.32992
-0.331451
-0.333018
-0.334564
-0.335997
-0.337253
-0.338273
-0.339019
-0.339483
-0.339684
-0.339649
-0.339434
-0.339115
-0.338754
-0.338403
-0.338083
-0.337801
-0.337486
-0.337053
-0.336418
-0.335479
-0.334182
-0.332502
-0.330495
-0.328295
-0.325932
-0.32414
-0.32299
-0.322787
-0.323709
-0.325791
-0.328888
-0.332749
-0.337046
-0.341463
-0.345724
-0.349665
-0.353183
-0.356236
-0.358848
-0.36107
-0.362959
-0.364578
-0.366025
-0.367356
-0.368612
-0.369857
-0.371116
-0.372411
-0.373743
-0.375094
-0.376428
-0.377717
-0.378894
-0.37988
-0.380572
-0.380861
-0.380614
-0.379686
-0.377949
-0.375287
-0.371649
-0.367067
-0.36186
-0.35673
-0.352935
-0.352049
-0.355334
-0.362925
-0.373524
-0.384848
-0.394485
-0.400433
-0.401252
-0.396057
-0.384837
-0.369301
-0.353646
-0.343752
-0.343911
-0.35367
-0.368576
-0.383774
-0.396454
-0.405878
-0.412439
-0.416887
-0.419896
-0.422026
-0.423633
-0.424938
-0.426074
-0.427047
-0.427823
-0.428318
-0.428415
-0.428004
-0.426997
-0.425378
-0.423201
-0.420567
-0.417652
-0.414599
-0.411534
-0.408528
-0.405636
-0.402944
-0.400634
-0.39891
-0.397989
-0.398006
-0.398959
-0.400752
-0.403178
-0.405998
-0.408952
-0.411794
-0.41431
-0.41628
-0.417525
-0.417928
-0.417447
-0.416174
-0.414308
-0.412128
-0.40998
-0.408171
-0.406967
-0.406543
-0.406954
-0.408159
-0.410013
-0.412364
-0.414989
-0.417711
-0.420348
-0.422799
-0.424966
-0.4268
-0.428284
-0.429392
-0.430106
-0.430377
-0.430153
-0.42938
-0.427996
-0.425973
-0.423266
-0.419936
-0.416069
-0.411808
-0.40736
-0.402995
-0.399012
-0.39569
-0.393278
-0.391938
-0.391651
-0.392309
-0.393701
-0.395533
-0.397542
-0.399459
-0.401112
-0.402357
-0.403076
-0.403238
-0.402827
-0.401872
-0.400459
-0.398697
-0.396758
-0.394855
-0.393187
-0.391895
-0.391051
-0.390577
-0.390366
-0.390257
-0.390112
-0.389854
-0.389476
-0.389033
-0.388611
-0.388278
-0.388057
-0.387924
-0.387743
-0.387321
-0.386439
-0.384842
-0.382275
-0.378475
-0.373244
-0.366422
-0.358064
-0.348489
-0.3384
-0.328984
-0.32171
-0.317934
-0.318377
-0.322816
-0.330149
-0.33885
-0.347507
-0.355101
-0.361105
-0.365336
-0.367867
-0.368864
-0.368557
-0.367117
-0.364756
-0.361654
-0.358006
-0.354043
-0.350003
-0.346198
-0.34293
-0.340473
-0.339041
-0.338728
-0.339503
-0.341238
-0.343687
-0.346577
-0.349653
-0.352672
-0.355404
-0.3577
-0.359428
-0.360514
-0.360886
-0.360523
-0.3594
-0.357541
-0.354977
-0.351816
-0.348207
-0.344362
-0.340544
-0.337104
-0.334395
-0.332711
-0.33228
-0.33318
-0.335332
-0.338518
-0.342449
-0.346784
-0.351213
-0.355462
-0.359366
-0.362835
-0.365825
-0.36836
-0.370475
-0.372245
-0.373683
-0.374859
-0.375778
-0.376447
-0.376839
-0.376921
-0.376649
-0.375958
-0.374772
-0.373003
-0.370579
-0.367456
-0.363607
-0.359039
-0.353874
-0.348317
-0.342684
-0.337348
-0.33273
-0.329153
-0.326788
-0.325672
-0.325619
-0.326414
-0.327808
-0.329617
-0.331721
-0.334033
-0.336537
-0.339196
-0.34192
-0.344662
-0.347375
-0.349983
-0.352417
-0.35463
-0.356604
-0.358313
-0.359785
-0.361029
-0.362083
-0.363032
-0.363916
-0.364809
-0.365742
-0.366719
-0.367744
-0.368756
-0.369722
-0.370586
-0.37131
-0.371831
-0.372174
-0.372314
-0.372287
-0.372135
-0.371898
-0.371622
-0.371374
-0.371213
-0.371214
-0.371434
-0.371907
-0.372663
-0.373662
-0.374812
-0.375975
-0.376937
-0.377453
-0.37725
-0.376088
-0.373759
-0.370146
-0.365226
-0.359187
-0.352407
-0.345489
-0.339172
-0.334085
-0.33066
-0.329014
-0.32895
-0.330145
-0.332292
-0.335162
-0.338629
-0.342579
-0.346852
-0.351306
-0.355761
-0.36006
-0.364119
-0.36789
-0.371406
-0.374713
-0.377865
-0.38088
-0.383769
-0.386488
-0.388984
-0.391172
-0.392941
-0.394217
-0.394899
-0.394939
-0.394293
-0.392999
-0.391105
-0.38869
-0.385838
-0.382592
-0.378921
-0.374804
-0.370205
-0.365219
-0.360122
-0.355406
-0.351738
-0.349769
-0.349932
-0.352369
-0.356914
-0.363174
-0.370627
-0.378674
-0.386666
-0.394
-0.400183
-0.404861
-0.407833
-0.409014
-0.40835
-0.405806
-0.401295
-0.394751
-0.386134
-0.3756
-0.363751
-0.351802
-0.341569
-0.334941
-0.333025
-0.33548
-0.340758
-0.347012
-0.352863
-0.357735
-0.361697
-0.365169
-0.368648
-0.372493
-0.376861
-0.381702
-0.386816
-0.391951
-0.396837
-0.401261
-0.405033
-0.408011
-0.410077
-0.411125
-0.411124
-0.410054
-0.407943
-0.404905
-0.401126
