-6.36316
-6.3584
-6.35032
-6.33861
-6.32178
-6.29926
-6.27035
-6.23474
-6.19326
-6.14491
-6.08851
-6.02384
-5.95457
-5.87895
-5.80075
-5.72311
-5.65173
-5.58913
-5.53817
-5.50086
-5.47654
-5.46616
-5.46643
-5.47311
-5.48784
-5.50501
-5.52289
-5.54083
-5.5565
-5.56993
-5.58051
-5.58867
-5.59499
-5.59911
-5.60171
-5.60304
-5.60323
-5.60216
-5.60056
-5.59854
-5.59304
-5.58644
-5.5758
-5.56345
-5.54968
-5.53459
-5.5204
-5.50596
-5.49395
-5.48506
-5.48004
-5.47761
-5.47865
-5.48287
-5.49005
-5.49877
-5.50838
-5.51818
-5.52752
-5.53504
-5.53962
-5.54309
-5.54486
-5.54479
-5.54258
-5.53992
-5.53633
-5.5334
-5.53142
-5.53048
-5.53135
-5.53347
-5.53866
-5.54465
-5.55153
-5.55896
-5.56585
-5.57116
-5.57679
-5.58019
-5.58294
-5.58536
-5.58779
-5.58944
-5.59243
-5.59422
-5.59741
-5.60027
-5.60298
-5.60494
-5.60573
-5.60573
-5.60437
-5.60168
-5.59922
-5.5975
-5.59367
-5.59015
-5.58719
-5.58529
-5.58431
-5.58429
-5.58454
-5.58459
-5.58341
-5.58195
-5.58031
-5.57573
-5.57141
-5.56573
-5.55962
-5.55367
-5.54496
-5.53498
-5.52305
-5.51134
-5.49809
-5.48562
-5.47391
-5.46539
-5.45946
-5.45566
-5.45558
-5.45761
-5.46122
-5.46548
-5.4699
-5.47421
-5.47781
-5.4823
-5.48745
-5.49205
-5.49753
-5.50344
-5.51022
-5.51781
-5.5254
-5.53276
-5.53891
-5.54338
-5.54853
-5.55289
-5.55652
-5.56112
-5.56453
-5.5673
-5.56833
-5.56904
-5.56822
-5.56598
-5.56413
-5.55922
-5.55564
-5.55371
-5.55202
-5.55411
-5.55808
-5.56636
-5.57768
-5.59079
-5.60492
-5.62055
-5.63431
-5.64491
-5.65275
-5.6567
-5.65784
-5.65582
-5.65137
-5.64475
-5.63607
-5.62753
-5.61933
-5.61213
-5.60651
-5.60235
-5.60091
-5.60013
-5.5991
-5.59985
-5.60101
-5.60124
-5.60174
-5.60094
-5.60081
-5.59886
-5.59727
-5.59509
-5.59254
-5.59109
-5.59043
-5.59213
-5.59504
-5.59878
-5.6043
-5.61004
-5.61635
-5.62183
-5.62591
-5.62889
-5.63036
-5.631
-5.63054
-5.63012
-5.62796
-5.62634
-5.62606
-5.62694
-5.62731
-5.62812
-5.62914
-5.63008
-5.63038
-5.63069
-5.62951
-5.62751
-5.62487
-5.62157
-5.61765
-5.61378
-5.61043
-5.60651
-5.60239
-5.59892
-5.59559
-5.58977
-5.58289
-5.57536
-5.56715
-5.55938
-5.55344
-5.55025
-5.54905
-5.54908
-5.55052
-5.55186
-5.55454
-5.55919
-5.56333
-5.56926
-5.57795
-5.59003
-5.60395
-5.61843
-5.63302
-5.64609
-5.65733
-5.66552
-5.66912
-5.66998
-5.66638
-5.65934
-5.65039
-5.63923
-5.62714
-5.61604
-5.60613
-5.59792
-5.59118
-5.5852
-5.5806
-5.57721
-5.57558
-5.57541
-5.576
-5.57837
-5.58117
-5.58423
-5.5886
-5.59053
-5.59207
-5.59279
-5.59482
-5.59602
-5.59826
-5.6038
-5.61113
-5.61832
-5.62619
-5.63351
-5.63983
-5.64494
-5.64791
-5.64871
-5.64918
-5.64829
-5.64532
-5.63924
-5.63209
-5.62442
-5.61463
-5.60482
-5.59449
-5.58338
-5.57323
-5.56388
-5.557
-5.55063
-5.54563
-5.54188
-5.53983
-5.5379
-5.53724
-5.53746
-5.54027
-5.54363
-5.549
-5.55584
-5.5626
-5.56804
-5.57185
-5.57488
-5.57831
-5.58194
-5.58706
-5.59379
-5.60283
-5.60981
-5.61448
-5.61386
-5.61024
-5.60539
-5.59904
-5.59344
-5.59062
-5.58952
-5.59107
-5.59398
-5.59961
-5.60488
-5.60982
-5.61312
-5.61416
-5.61239
-5.60882
-5.60276
-5.59554
-5.58834
-5.58202
-5.57471
-5.57029
-5.56628
-5.56571
-5.56587
-5.56797
-5.57224
-5.57779
-5.58283
-5.59002
-5.59719
-5.60342
-5.60934
-5.61454
-5.61843
-5.62061
-5.62221
-5.62313
-5.62276
-5.62187
-5.62061
-5.61852
-5.61745
-5.61633
-5.61562
-5.61361
-5.61172
-5.60982
-5.60569
-5.60074
-5.5943
-5.58588
-5.57625
-5.5667
-5.55742
-5.54727
-5.53712
-5.52727
-5.51567
-5.50364
-5.49035
-5.4762
-5.4614
-5.44589
-5.43326
-5.42574
-5.42453
-5.42892
-5.43836
-5.45305
-5.46916
-5.48637
-5.504
-5.52108
-5.53591
-5.54803
-5.55706
-5.56327
-5.56684
-5.56834
-5.56786
-5.56128
-5.54656
-5.52562
-5.49916
-5.46677
-5.42971
-5.39197
-5.3533
-5.31718
-5.28433
-5.25772
-5.23807
-5.22389
-5.21225
-5.20201
-5.19263
-5.18254
-5.17505
-5.17083
-5.17385
-5.18403
-5.19991
-5.22127
-5.24393
-5.26422
-5.28015
-5.28995
-5.2919
-5.2849
-5.27105
-5.2493
-5.22516
-5.1993
-5.17525
-5.15734
-5.1462
-5.14395
-5.14982
-5.16169
-5.17683
-5.19253
-5.20954
-5.22488
-5.23855
-5.25197
-5.26553
-5.27987
-5.2927
-5.30377
-5.31019
-5.30983
-5.3
-5.28357
-5.26285
-5.24055
-5.22082
-5.20374
-5.19226
-5.1849
-5.17893
-5.17735
-5.17829
-5.18198
-5.18712
-5.19159
-5.19457
-5.19564
-5.19618
-5.19588
-5.19488
-5.1967
-5.2
-5.20539
-5.21193
-5.2217
-5.23139
-5.24135
-5.25154
-5.26027
-5.26896
-5.27456
-5.27557
-5.27291
-5.26602
-5.2538
-5.23785
-5.21903
-5.19902
-5.18059
-5.16632
-5.15919
-5.15921
-5.16722
-5.1798
-5.19527
-5.21144
-5.22378
-5.23094
-5.23071
-5.22568
-5.21764
-5.20684
-5.1953
-5.18405
-5.17569
-5.16792
-5.16327
-5.1605
-5.15707
-5.15219
-5.14538
-5.13915
-5.13604
-5.13947
-5.14961
-5.16393
-5.17941
-5.19535
-5.20612
-5.21345
-5.21483
-5.2125
-5.20578
-5.1978
-5.18816
-5.17661
-5.16656
-5.15726
-5.1492
-5.14119
-5.13314
-5.12322
-5.11614
-5.10894
-5.10516
-5.10589
-5.11329
-5.1263
-5.14541
-5.16793
-5.19083
-5.21265
-5.23029
-5.24244
-5.24895
-5.24999
-5.24583
-5.23858
-5.23
-5.22213
-5.21787
-5.21589
-5.21785
-5.22272
-5.22855
-5.23691
-5.24376
-5.24797
-5.24869
-5.24526
-5.23959
-5.23075
-5.22005
-5.20731
-5.19489
-5.18218
-5.17203
-5.16276
-5.15691
-5.15532
-5.15625
-5.16171
-5.16915
-5.17904
-5.18839
-5.19842
-5.20662
-5.21127
-5.21152
-5.2088
-5.20492
-5.19906
-5.19351
-5.18994
-5.18947
-5.19149
-5.19521
-5.19965
-5.20617
-5.21352
-5.22206
-5.23163
-5.23968
-5.24557
-5.24662
-5.24292
-5.2341
-5.2238
-5.21283
-5.20045
-5.18824
-5.17529
-5.16444
-5.15602
-5.15105
-5.14842
-5.14716
-5.14795
-5.15027
-5.15129
-5.15394
-5.15632
-5.15847
-5.16067
-5.16239
-5.16396
-5.16455
-5.16628
-5.16762
-5.17064
-5.17459
-5.17861
-5.18014
-5.18014
-5.17764
-5.17372
-5.16932
-5.16622
-5.16277
-5.16012
-5.16017
-5.16104
-5.16338
-5.16665
-5.17016
-5.17386
-5.17698
-5.1809
-5.18457
-5.18873
-5.19329
-5.19669
-5.1998
-5.20321
-5.20625
-5.21085
-5.21794
-5.22621
-5.23913
-5.25467
-5.27001
-5.28478
-5.2969
-5.30565
-5.31087
-5.31047
-5.30523
-5.29304
-5.27827
-5.25774
-5.23516
-5.21074
-5.18537
-5.1607
-5.13753
-5.11744
-5.10072
-5.09006
-5.08302
-5.08339
-5.08772
-5.09681
-5.10969
-5.12499
-5.14149
-5.15831
-5.17427
-5.18719
-5.19873
-5.20909
-5.21845
-5.22627
-5.23152
-5.23462
-5.23682
-5.23777
-5.23865
-5.23899
-5.23668
-5.23001
-5.21868
-5.20145
-5.18321
-5.16738
-5.15742
-5.15658
-5.16374
-5.17989
-5.20087
-5.22456
-5.2467
-5.26353
-5.27241
-5.27143
-5.2637
-5.25087
-5.23746
-5.22664
-5.21969
-5.21821
-5.22201
-5.22796
-5.23565
-5.24178
-5.24441
-5.24277
-5.23678
-5.22618
-5.2146
-5.20288
-5.19445
-5.19354
-5.20074
-5.21747
-5.24048
-5.26785
-5.29379
-5.31473
-5.32687
-5.32845
-5.32044
-5.30142
-5.27266
-5.23569
-5.19292
-5.15043
-5.11296
-5.08441
-5.06909
-5.06968
-5.08635
-5.11403
-5.14892
-5.18674
-5.22245
-5.25202
-5.27448
-5.28623
-5.29149
-5.2896
-5.28145
-5.26776
-5.25116
-5.23397
-5.21826
-5.20215
-5.1907
-5.1833
-5.17974
-5.17927
-5.18079
-5.18286
-5.18637
-5.1895
-5.19354
-5.19814
-5.20336
-5.20912
-5.21486
-5.21997
-5.22418
-5.22956
-5.23395
-5.23807
-5.24154
-5.24165
-5.23964
-5.23381
-5.22662
-5.21686
-5.20448
-5.19043
-5.17627
-5.1619
-5.1488
-5.13952
-5.13553
-5.13474
-5.13649
-5.13897
-5.14261
-5.14403
-5.14196
-5.13806
-5.13323
-5.12966
-5.13135
-5.13901
-5.15202
-5.16612
-5.18109
-5.18691
-5.18163
-5.16674
-5.14633
-5.12295
-5.10473
-5.09483
-5.09435
-5.10036
-5.10654
-5.11152
-5.10898
-5.09885
-5.08335
-5.06484
-5.04844
-5.03587
-5.02721
-5.02389
-5.02288
-5.02089
-5.01597
-5.00869
-5.00046
-4.99073
-4.98221
-4.97645
-4.97394
-4.97822
-4.98863
-5.00205
-5.0162
-5.02635
-5.03088
-5.02801
-5.02154
-5.01937
-5.02296
-5.03382
-5.05495
-5.08278
-5.11306
-5.14655
-5.17883
-5.20591
-5.22272
-5.2275
-5.21915
-5.19612
-5.16106
-5.11711
-5.06846
-5.0218
-4.98073
-4.95448
-4.9421
-4.94124
-4.95131
-4.9671
-4.98698
-5.00835
-5.02777
-5.04508
-5.05898
-5.06941
-5.07759
-5.08227
-5.08719
-5.09248
-5.09976
-5.10866
-5.11896
-5.12643
-5.13079
-5.12811
-5.11703
-5.1005
-5.07911
-5.05834
-5.04097
-5.02977
-5.02629
-5.02722
-5.03013
-5.03311
-5.03622
-5.03795
-5.0362
-5.03094
-5.0222
-5.01238
-5.01052
-5.02079
-5.04369
-5.06974
-5.0902
-5.10178
-5.10664
-5.10298
-5.09402
-5.08155
-5.06582
-5.05054
-5.03767
-5.02585
-5.01388
-5.00166
-4.98687
-4.97229
-4.96201
-4.96007
-4.96898
-4.98986
-5.01845
-5.05119
-5.08305
-5.11241
-5.1355
-5.15257
-5.16538
-5.1728
-5.17792
-5.18115
-5.18305
-5.18444
-5.18525
-5.18668
-5.18597
-5.18422
-5.18019
-5.17335
-5.16779
-5.16251
-5.15717
-5.1536
-5.14884
-5.14341
-5.13622
-5.1271
-5.11801
-5.11111
-5.10821
-5.1108
-5.11661
-5.12549
-5.13555
-5.14371
-5.14577
-5.14329
-5.13598
-5.12422
-5.1113
-5.0983
-5.08821
-5.08101
-5.07903
-5.08147
-5.0889
-5.09912
-5.10927
-5.11934
-5.12617
-5.12685
-5.12379
-5.12035
-5.1178
-5.11931
-5.12542
-5.13665
-5.14821
-5.15796
-5.16396
-5.16599
-5.1663
-5.16715
-5.17189
-5.17932
-5.18794
-5.19466
-5.19716
-5.1968
-5.19122
-5.18297
-5.17473
-5.1675
-5.16106
-5.15785
-5.15698
-5.15836
-5.15992
-5.16259
-5.16286
-5.1623
-5.15824
-5.14947
-5.13668
-5.11894
-5.09784
-5.07681
-5.05924
-5.04605
-5.03872
-5.03964
-5.04544
-5.05491
-5.06559
-5.0766
-5.08709
-5.09693
-5.10595
-5.11738
-5.13035
-5.14124
-5.1494
-5.15247
-5.14994
-5.13862
-5.1216
-5.10101
-5.07824
-5.05772
-5.04154
-5.03316
-5.0337
-5.04452
-5.06107
-5.08434
-5.11035
-5.13936
-5.16822
-5.19488
-5.21638
-5.23123
-5.23896
-5.23721
-5.22855
-5.21373
-5.19654
-5.17919
-5.16514
-5.15424
-5.1462
-5.13874
-5.13294
-5.12553
-5.11514
-5.10163
-5.08841
-5.07663
-5.06721
-5.05928
-5.05316
-5.04777
-5.04362
-5.04393
-5.04862
-5.05807
-5.07061
-5.0886
-5.10871
-5.13167
-5.15581
-5.17946
-5.19765
-5.21157
-5.21839
-5.21683
-5.20905
-5.19519
-5.17468
-5.15207
-5.12638
-5.09867
-5.07019
-5.04195
-5.01322
-4.98291
-4.95593
-4.93264
-4.91725
-4.90961
-4.91076
-4.92005
-4.93734
-4.96185
-4.99272
-5.0273
-5.06146
-5.09135
-5.11415
-5.12784
-5.13041
-5.12312
-5.10899
-5.08818
-5.06492
-5.03981
-5.01394
-4.98974
-4.96889
-4.95489
-4.94666
-4.94652
-4.95286
-4.96202
-4.97232
-4.98122
-4.98507
-4.98165
-4.97316
-4.9606
-4.94567
-4.93179
-4.92123
-4.914
-4.91022
-4.91097
-4.91318
-4.91818
-4.92454
-4.93326
-4.94277
-4.95287
-4.96087
-4.96873
-4.97435
-4.98307
-4.99386
-5.00901
-5.02645
-5.04466
-5.06273
-5.07861
-5.09284
-5.10407
-5.11454
-5.12204
-5.12789
-5.13076
-5.13237
-5.13106
-5.12959
-5.12796
-5.12552
-5.12323
-5.11983
-5.11566
-5.10882
-5.09863
-5.08647
-5.07348
-5.05883
-5.04646
-5.03734
-5.02995
-5.02271
-5.01431
-5.00286
-4.98662
-4.96311
-4.93549
-4.90866
-4.88825
-4.88203
-4.89467
-4.92207
-4.96002
-5.00299
-5.04264
-5.07587
-5.10039
-5.11504
-5.11933
-5.11671
-5.10986
-5.10037
-5.09033
-5.08276
-5.07748
-5.07535
-5.07815
-5.08482
-5.09287
-5.10323
-5.11094
-5.11698
-5.12128
-5.1234
-5.12404
-5.12299
-5.11986
-5.11456
-5.10766
-5.09754
-5.08791
-5.07925
-5.07354
-5.07093
-5.07141
-5.07388
-5.07541
-5.0776
-5.08147
-5.08631
-5.0938
-5.10132
-5.10851
-5.10974
-5.10428
-5.09115
-5.07178
-5.04672
-5.02241
-5.00177
-4.98852
-4.98292
-4.98565
-4.99191
-4.99828
-5.00304
-5.00502
-5.00309
-5.00144
-5.00102
-5.00682
-5.01681
-5.03226
-5.05045
-5.06723
-5.08043
-5.09157
-5.10371
-5.11375
-5.12361
-5.13273
-5.14039
-5.14278
-5.14232
-5.13716
-5.12898
-5.11817
-5.10426
-5.08818
-5.07035
-5.05136
-5.0327
-5.01787
-5.01107
-5.01097
-5.02111
-5.0383
-5.0614
-5.08753
-5.11121
-5.13027
-5.14414
-5.15336
-5.15805
-5.16129
-5.1605
-5.15699
-5.14837
-5.13498
-5.1159
-5.09262
-5.06664
-5.04205
-5.02091
-5.00714
-5.0006
-4.99829
-4.99542
-4.9901
-4.97963
-4.96539
-4.94945
-4.93695
-4.92802
-4.92801
-4.93754
-4.95229
-4.97162
-4.99173
-5.01249
-5.02981
-5.04702
-5.06192
-5.07234
-5.0789
-5.08097
-5.08095
-5.07854
-5.07401
-5.06815
-5.06392
-5.05926
-5.05298
-5.04249
-5.02568
-5.00336
-4.97528
-4.9459
-4.91866
-4.89822
-4.88938
-4.89329
-4.91484
-4.9494
-4.99297
-5.03564
-5.07598
-5.108
-5.12905
-5.13797
-5.13616
-5.12445
-5.10389
-5.07812
-5.05065
-5.02558
-5.00416
-4.98557
-4.97
-4.95705
-4.94695
-4.93977
-4.93565
-4.93463
-4.93445
-4.9346
-4.93881
-4.94564
-4.95597
-4.97222
-4.98912
-5.00725
-5.02528
-5.04036
-5.05084
-5.0546
-5.04878
-5.03473
-5.01595
-4.99935
-4.99261
-4.99993
-5.02103
-5.05093
-5.08127
-5.10707
-5.12526
-5.13324
-5.13202
-5.12442
-5.11182
-5.09745
-5.08274
-5.06742
-5.05176
-5.03477
-5.01862
-4.99965
-4.97969
-4.95769
-4.93541
-4.9169
-4.90414
-4.90218
-4.91053
-4.92807
-4.95208
-4.98001
-5.00891
-5.03752
-5.06628
-5.09297
-5.11704
-5.1369
-5.14811
-5.14693
-5.13123
-5.10464
-5.06868
-5.02912
-4.99063
-4.95798
-4.93579
-4.92398
-4.92283
-4.9318
-4.94754
-4.96793
-4.98866
-5.00821
-5.02297
-5.03122
-5.0333
-5.02884
-5.01999
-5.00773
-4.99386
-4.98194
-4.9745
-4.97351
-4.97696
-4.98229
-4.9861
-4.98627
-4.98334
-4.97703
-4.97082
-4.96662
-4.96768
-4.97383
-4.98646
-5.00397
-5.02027
-5.03378
-5.0434
-5.04587
-5.04348
-5.03664
-5.02541
-5.01151
-4.99716
-4.98044
-4.96544
-4.95382
-4.94572
-4.94334
-4.94837
-4.95815
-4.97329
-4.98952
-5.00692
-5.02258
-5.03697
-5.04765
-5.05261
-5.05295
-5.04987
-5.04604
-5.04643
-5.05312
-5.06603
-5.08019
-5.09106
-5.09464
-5.09043
-5.08105
-5.06923
-5.05768
-5.04646
-5.03527
-5.02356
-5.00932
-4.99358
-4.97446
-4.95562
-4.93985
-4.92844
-4.91981
-4.914
-4.90879
-4.9021
-4.8926
-4.87968
-4.86215
-4.84051
-4.81716
-4.79441
-4.77751
-4.76711
-4.76675
-4.77433
-4.78774
-4.80623
-4.82879
-4.85349
-4.88124
-4.90787
-4.93221
-4.95083
-4.96332
-4.96982
-4.97194
-4.96894
-4.96383
-4.9597
-4.95725
-4.95666
-4.95808
-4.96089
-4.96526
-4.96975
-4.97657
-4.98822
-5.00228
-5.01979
-5.03567
-5.04843
-5.05546
-5.05472
-5.04656
-5.03139
-5.01337
-4.9951
-4.97896
-4.9678
-4.96171
-4.96106
-4.96541
-4.97388
-4.98553
-4.99919
-5.01343
-5.02875
-5.0439
-5.06031
-5.07683
-5.09409
-5.11082
-5.12377
-5.13016
-5.12857
-5.11783
-5.09561
-5.0641
-5.0246
-4.97821
-4.92909
-4.88109
-4.83545
-4.79709
-4.76923
-4.75102
-4.74281
-4.74429
-4.75489
-4.77812
-4.81312
-4.85581
-4.89914
-4.93867
-4.9705
-4.99566
-5.00977
-5.01406
-5.00744
-4.99219
-4.97284
-4.9499
-4.92973
-4.91704
-4.91263
-4.91674
-4.92246
-4.92796
-4.93202
-4.93165
-4.92645
-4.91562
-4.90065
-4.88182
-4.86212
-4.84463
-4.83515
-4.83818
-4.86099
-4.90197
-4.95464
-5.00745
-5.05154
-5.08505
-5.10789
-5.12235
-5.12909
-5.13
-5.12407
-5.10982
-5.08813
-5.05912
-5.02404
-4.98958
-4.95751
-4.93153
-4.91238
-4.90063
-4.89799
-4.90789
-4.92699
-4.95418
-4.98559
-5.01673
-5.04223
-5.05848
-5.06272
-5.05504
-5.04113
-5.02148
-5.0048
-4.99153
-4.98058
-4.97175
-4.96592
-4.9635
-4.96217
-4.96352
-4.9655
-4.968
-4.96988
-4.97213
-4.9749
-4.97763
-4.97926
-4.98106
-4.98209
-4.98308
-4.98266
-4.98578
-4.99085
-4.99895
-5.00839
-5.01673
-5.0234
-5.02886
-5.03287
-5.03484
-5.03667
-5.03977
-5.04371
-5.0483
-5.05046
-5.05054
-5.04954
-5.04883
-5.05175
-5.05715
-5.06544
-5.07614
-5.08685
-5.09546
-5.10011
-5.1013
-5.09853
-5.09406
-5.08577
-5.07643
-5.06368
-5.04768
-5.02933
-5.00869
-4.98818
-4.9702
-4.95738
-4.95319
-4.96154
-4.97644
-4.99719
-5.02061
-5.04216
-5.063
-5.08207
-5.09807
-5.11121
-5.12314
-5.13285
-5.13854
-5.14037
-5.13719
-5.13188
-5.12721
-5.12522
-5.12984
-5.14027
-5.15377
-5.16662
-5.17712
-5.18403
-5.18825
-5.18772
-5.18436
-5.18223
-5.1791
-5.17802
-5.17655
-5.17319
-5.16532
-5.14891
-5.12385
-5.09413
-5.06532
-5.04034
-5.02323
-5.01711
-5.01573
-5.01122
-5.00136
-4.98236
-4.95882
-4.93382
-4.91437
-4.90208
-4.90159
-4.91167
-4.93217
-4.95983
-4.99202
-5.02216
-5.04731
-5.06668
-5.07944
-5.0889
-5.09209
-5.09355
-5.09278
-5.0909
-5.08589
-5.07721
-5.06378
-5.04776
-5.03098
-5.01637
-5.00686
-5.0014
-5.00017
-5.00131
-5.00657
-5.01433
-5.02835
-5.04659
-5.06973
-5.09401
-5.11727
-5.13743
-5.15084
-5.15531
-5.14772
-5.12771
-5.09638
-5.05923
-5.01846
-4.9792
-4.94691
-4.92694
-4.92063
-4.93074
-4.95106
-4.97774
-5.00615
-5.03114
-5.05031
-5.06219
-5.06742
-5.06744
-5.06348
-5.05653
-5.0459
-5.03188
-5.01606
-5.00182
-4.99184
-4.98534
-4.98453
-4.98621
-4.98716
-4.98544
-4.97849
-4.96949
-4.95816
-4.94738
-4.93754
-4.92961
-4.92619
-4.93061
-4.94084
-4.95916
-4.98206
-5.00853
-5.03137
-5.04846
-5.05866
-5.0656
-5.06854
-5.07155
-5.07659
-5.08246
-5.08969
-5.09511
-5.09515
-5.08952
-5.079
-5.06202
-5.0383
-5.01011
-4.98315
-4.96119
-4.94989
-4.95188
-4.96709
-4.99257
-5.01835
-5.04081
-5.05556
-5.06067
-5.05765
-5.04718
-5.03306
-5.01726
-5.00432
-4.99598
-4.99147
-4.9891
-4.98605
-4.98073
-4.97267
-4.96353
-4.95311
-4.93815
-4.92112
-4.90358
-4.88727
-4.87572
-4.87452
-4.88172
-4.89725
-4.91899
-4.94585
-4.97301
-4.99801
-5.01952
-5.03622
-5.04755
-5.05364
-5.05375
-5.05156
-5.05083
-5.05403
-5.06281
-5.07835
-5.09715
-5.1124
-5.12282
-5.12683
-5.12619
-5.12293
-5.12196
-5.12229
-5.12429
-5.12569
-5.12524
-5.12285
-5.11866
-5.11192
-5.10115
-5.08682
-5.06709
-5.04307
-5.01608
-4.9927
-4.9774
-4.9735
-4.98077
-4.99658
-5.0142
-5.02782
-5.03481
-5.03285
-5.02219
-5.00565
-4.98622
-4.9657
-4.94913
-4.93926
-4.93494
-4.93616
-4.94262
-4.95218
-4.9609
-4.96672
-4.966
-4.95702
-4.93806
-4.91093
-4.87925
-4.85143
-4.83207
-4.82633
-4.83828
-4.86441
-4.90035
-4.94009
-4.9759
-5.00568
-5.0264
-5.03648
-5.03625
-5.02812
-5.01187
-4.99241
-4.97446
-4.965
-4.96651
-4.97832
-4.99452
-5.01653
-5.04202
-5.07104
-5.10293
-5.1362
-5.16871
-5.19635
-5.21362
-5.22088
-5.21445
-5.19778
-5.17332
-5.14388
-5.1159
-5.09126
-5.07056
-5.05513
-5.04237
-5.03355
-5.02968
-5.02916
-5.03068
-5.03222
-5.03415
-5.03837
-5.04409
-5.04785
-5.05006
-5.05184
-5.05579
-5.06402
-5.07783
-5.09486
-5.11354
-5.12707
-5.1346
-5.13228
-5.12486
-5.10843
-5.08895
-5.06853
-5.05052
-5.0362
-5.0264
-5.02257
-5.02325
-5.02878
-5.03707
-5.04776
-5.05717
-5.06534
-5.06822
-5.0637
-5.05413
-5.04195
-5.03131
-5.02438
-5.02077
-5.0188
-5.01366
-5.0065
-4.99762
-4.9864
-4.97592
-4.97199
-4.97691
-4.9912
-5.0147
-5.0444
-5.07419
-5.0989
-5.11315
-5.11721
-5.11126
-5.09774
-5.07905
-5.05825
-5.03956
-5.02603
-5.01812
-5.01841
-5.02738
-5.03922
-5.05171
-5.06451
-5.0721
-5.07348
-5.06733
-5.05376
-5.03524
-5.01504
-4.99679
-4.98104
-4.96758
-4.95591
-4.94585
-4.93507
-4.92882
-4.92502
-4.92554
-4.92853
-4.93411
-4.94118
-4.94865
-4.95746
-4.96489
-4.97282
-4.98112
-4.99245
-5.00492
-5.01799
-5.029
-5.03473
-5.0346
-5.02849
-5.01851
-5.00513
-4.99472
-4.9897
-4.99315
-5.00279
-5.01699
-5.02954
-5.04036
-5.04503
-5.04511
-5.04087
-5.03251
-5.02064
-5.00268
-4.97863
-4.9483
-4.91622
-4.88465
-4.86082
-4.84783
-4.84619
-4.85802
-4.87902
-4.90535
-4.93446
-4.96171
-4.98493
-5.00264
-5.01235
-5.01164
-4.99893
-4.97676
-4.94592
-4.90613
-4.8594
-4.81374
-4.77291
-4.74634
-4.73912
-4.75142
-4.78125
-4.8241
-4.8692
-4.91286
-4.9469
-4.97146
-4.98633
-4.99289
-4.99457
-4.99231
-4.98851
-4.98575
-4.98471
-4.98417
-4.98499
-4.98765
-4.99266
-4.99966
-5.00762
-5.0171
-5.0263
-5.03354
-5.03668
-5.03563
-5.02884
-5.01852
-5.00292
-4.98503
-4.96815
-4.95428
-4.9441
-4.94182
-4.94461
-4.95295
-4.96349
-4.97488
-4.98716
-4.99701
-5.00524
-5.01062
-5.01457
-5.01197
-5.0057
-4.99296
-4.97585
-4.9559
-4.93507
-4.91688
-4.90543
-4.90212
-4.90737
-4.91999
-4.93801
-4.9584
-4.97986
-5.0032
-5.02686
-5.0464
-5.05878
-5.06272
-5.05722
-5.04522
-5.02731
-5.01031
-4.99131
-4.97182
-4.95153
-4.9318
-4.91282
-4.8981
-4.89157
-4.8915
-4.89942
-4.911
-4.92197
-4.93165
-4.93629
-4.93661
-4.93179
-4.92031
-4.90357
-4.88331
-4.86273
-4.84328
-4.83093
-4.82552
-4.82916
-4.84062
-4.85675
-4.87378
-4.89231
-4.9117
-4.93049
-4.95166
-4.97341
-4.99654
-5.01855
-5.03803
-5.05155
-5.05784
-5.05326
-5.04001
-5.0213
-5.00391
-4.98958
-4.98287
-4.98344
-4.98936
-4.99935
-5.01258
-5.02487
-5.03365
-5.03746
-5.03525
-5.0282
-5.01764
-5.00408
-4.98811
-4.97258
-4.95785
-4.94639
-4.93829
-4.93399
-4.93366
-4.93301
-4.93007
-4.92218
-4.90905
-4.88965
-4.86729
-4.84831
-4.836
-4.82986
-4.82869
-4.83113
-4.83637
-4.84629
-4.85607
-4.86941
-4.87939
-4.88887
-4.89502
-4.90118
-4.90639
-4.9136
-4.92708
-4.94751
-4.97204
-4.99559
-5.01235
-5.02004
-5.01637
-5.00352
-4.98554
-4.97129
-4.96928
-4.97971
-4.9955
-5.00896
-5.01674
-5.02015
-5.0187
-5.01483
-5.00644
-4.99251
-4.97553
-4.95455
-4.93262
-4.91146
-4.89531
-4.88765
-4.89165
-4.90771
-4.93407
-4.96646
-5.00096
-5.02836
-5.04741
-5.05664
-5.05619
-5.04828
-5.03277
-5.01511
-4.99635
-4.98112
-4.97263
-4.97099
-4.97725
-4.98792
-5.00002
-5.01427
-5.02852
-5.04161
-5.04979
-5.05409
-5.05354
-5.04758
-5.03701
-5.02482
-5.01185
-4.99817
-4.9886
-4.98321
-4.984
-4.99026
-5.00048
-5.0141
-5.02962
-5.04537
-5.05976
-5.07163
-5.08139
-5.08865
-5.0917
-5.08995
-5.08281
-5.07033
-5.05374
-5.0366
-5.02159
-5.01504
-5.01788
-5.02736
-5.03769
-5.0408
-5.032
-5.01451
-4.9989
-4.99597
-5.00719
-5.02849
-5.0517
-5.07184
-5.08512
-5.09102
-5.08712
-5.07572
-5.06069
-5.04621
-5.03461
-5.03082
-5.03805
-5.05485
-5.08072
-5.10971
-5.1381
-5.15885
-5.17113
-5.17176
-5.16149
-5.14158
-5.11009
-5.0733
-5.0343
-5.0032
-4.98248
-4.96828
-4.95663
-4.94042
-4.9189
-4.89505
-4.87447
-4.86039
-4.85835
-4.86954
-4.88969
-4.91581
-4.94432
-4.97094
-4.99032
-5.00556
-5.0116
-5.00954
-4.99842
-4.97933
-4.95649
-4.9336
-4.91681
-4.91103
-4.91672
-4.93051
-4.94954
-4.97155
-4.995
-5.02048
-5.04664
-5.06866
-5.08537
-5.09129
-5.0887
-5.07926
-5.06483
-5.04894
-5.03431
-5.02333
-5.0184
-5.01511
-5.01114
-5.00462
-4.99435
-4.98114
-4.96888
-4.96077
-4.95952
-4.96672
-4.98255
-5.00298
-5.02665
-5.04859
-5.06698
-5.081
-5.08765
-5.08326
-5.06963
-5.04822
-5.01999
-4.99038
-4.96487
-4.94789
-4.93932
-4.93982
-4.94618
-4.95729
-4.97041
-4.98472
-4.99758
-5.00837
-5.01594
-5.01985
-5.01825
-5.01618
-5.01644
-5.01881
-5.02496
-5.03461
-5.04579
-5.05676
-5.06426
-5.06642
-5.06592
-5.06295
-5.06012
-5.05644
-5.05589
-5.0579
-5.0646
-5.07436
-5.08588
-5.09794
-5.1068
-5.11058
-5.10509
-5.09045
-5.06578
-5.03263
-4.9976
-4.96553
-4.94326
-4.93309
-4.93543
-4.94466
-4.95803
-4.97288
-4.98815
-5.00578
-5.02296
-5.03946
-5.05396
-5.0663
-5.07513
-5.07957
-5.08055
-5.07575
-5.06801
-5.05897
-5.05131
-5.04748
-5.04578
-5.04456
-5.04123
-5.03632
-5.03065
-5.02573
-5.02426
-5.0226
-5.01924
-5.0149
-5.00475
-4.98916
-4.96826
-4.93835
-4.90377
-4.86863
-4.83535
-4.80696
-4.78382
-4.7706
-4.76716
-4.7778
-4.80041
-4.82988
-4.8646
-4.90237
-4.94251
-4.98487
-5.02985
-5.07351
-5.11296
-5.14466
-5.16656
-5.17545
-5.174
-5.1625
-5.14391
-5.1225
-5.10402
-5.09363
-5.09423
-5.10641
-5.12483
-5.14393
-5.16047
-5.16969
-5.16948
-5.15987
-5.14144
-5.11587
-5.0866
-5.05956
-5.03706
-5.02177
-5.01545
-5.01312
-5.01295
-5.00995
-5.00655
-5.00282
-4.9992
-4.99273
-4.98778
-4.98099
-4.97401
-4.96747
-4.96154
-4.95882
-4.95867
-4.96309
-4.97422
-4.98989
-5.00918
-5.03008
-5.04892
-5.0644
-5.07488
-5.07587
-5.06934
-5.05685
-5.04195
-5.03034
-5.02609
-5.02949
-5.03806
-5.04888
-5.05969
-5.0669
-5.07151
-5.07307
-5.07344
-5.07526
-5.08062
-5.08985
-5.10185
-5.11571
-5.13102
-5.14664
-5.15995
-5.16826
-5.17067
-5.1663
-5.15219
-5.13199
-5.11032
-5.09026
-5.07627
-5.07269
-5.07637
-5.08648
-5.09826
-5.10932
-5.11606
-5.11759
-5.11456
-5.10699
-5.09759
-5.08538
-5.07251
-5.05954
-5.04849
-5.04194
-5.03881
-5.03884
-5.03917
-5.04054
-5.04461
-5.05086
-5.06086
-5.06833
-5.06797
-5.05852
-5.03622
-5.0087
-4.98075
-4.96469
-4.96379
-4.98004
-5.00784
-5.03809
-5.06391
-5.0793
-5.08367
-5.07697
-5.06153
-5.04043
-5.01781
-4.99476
-4.97255
-4.9532
-4.93929
-4.9282
-4.92081
-4.91605
-4.91463
-4.91343
-4.91287
-4.91301
-4.91468
-4.91807
-4.92567
-4.93839
-4.95258
-4.96852
-4.98555
-5.00166
-5.0138
-5.01848
-5.01052
-4.99141
-4.96442
-4.93999
-4.92693
-4.92777
-4.94035
-4.95497
-4.96875
-4.97839
-4.98036
-4.9775
-4.96913
-4.95513
-4.93892
-4.92203
-4.90984
-4.9051
-4.90677
-4.91611
-4.93014
-4.94987
-4.97516
-5.00328
-5.02874
-5.04938
-5.06196
-5.06643
-5.06613
-5.06293
-5.05921
-5.05691
-5.05563
-5.05592
-5.05489
-5.05375
-5.05245
-5.05188
-5.05284
-5.05318
-5.05456
-5.05387
-5.05
-5.04383
-5.03593
-5.0277
-5.02113
-5.01665
-5.01396
-5.01477
-5.0161
-5.0191
-5.01918
-5.01946
-5.01959
-5.01862
-5.0179
-5.01767
-5.01509
-5.01419
-5.01661
-5.02327
-5.0349
-5.05393
-5.07705
-5.10185
-5.12677
-5.14708
-5.15935
-5.16531
-5.16442
-5.15885
-5.15202
-5.14339
-5.13507
-5.12418
-5.11
-5.08797
-5.05946
-5.02443
-4.98749
-4.95259
-4.92651
-4.91129
-4.90681
-4.91149
-4.9245
-4.94414
-4.96434
-4.98358
-4.99893
-5.00903
-5.01342
-5.01105
-5.0042
-4.99477
-4.98672
-4.98122
-4.97825
-4.97609
-4.9729
-4.96801
-4.96021
-4.94909
-4.93795
-4.92713
-4.92026
-4.91847
-4.92198
-4.9298
-4.94233
-4.95938
-4.98031
-5.00232
-5.02512
-5.04683
-5.06378
-5.07207
-5.07304
-5.06289
-5.04622
-5.02251
-4.99838
-4.98005
-4.97013
-4.96898
-4.9762
-4.98593
-4.99461
-4.99837
-4.99933
-4.99772
-4.99737
-5.00169
-5.011
-5.02411
-5.03994
-5.05744
-5.07752
-5.098
-5.11931
-5.13719
-5.14945
-5.15373
-5.14963
-5.13902
-5.12419
-5.10974
-5.09633
-5.08423
-5.07076
-5.05483
-5.03769
-5.01758
-4.99818
-4.9799
-4.96273
-4.94995
-4.94191
-4.9381
-4.93943
-4.94641
-4.95628
-4.96725
-4.9801
-4.99052
-4.99754
-5.0021
-5.00384
-5.0018
-4.99749
-4.99069
-4.98156
-4.96997
-4.95534
-4.93843
-4.92183
-4.90777
-4.90089
-4.89993
-4.90566
-4.91293
-4.91778
-4.91751
-4.91047
-4.89915
-4.889
-4.88304
-4.88416
-4.89548
-4.91823
-4.94997
-4.98629
-5.02575
-5.05739
-5.08134
-5.09696
-5.10606
-5.1073
-5.10174
-5.08893
-5.07044
-5.04812
-5.0226
-4.99778
-4.97457
-4.95825
-4.95188
-4.95402
-4.96574
-4.9831
-5.00151
-5.0164
-5.02624
-5.03158
-5.02921
-5.02197
-5.01083
-4.99754
-4.98211
-4.96958
-4.95742
-4.94746
-4.94104
-4.93635
-4.9375
-4.94194
-4.94974
-4.95861
-4.96608
-4.97204
-4.97251
-4.96907
-4.95936
-4.94559
-4.93104
-4.92025
-4.91899
-4.93036
-4.95006
-4.97119
-4.99099
-5.00794
-5.02586
-5.04038
-5.04858
-5.04783
-5.03915
-5.02786
-5.02161
-5.01919
-5.01939
-5.0201
-5.01627
-5.01087
-5.00439
-4.99936
-4.99436
-4.98936
-4.98309
-4.97803
-4.97578
-4.97748
-4.98485
-4.99311
-4.99624
-4.99334
-4.98176
-4.96287
-4.93833
-4.90843
-4.87647
-4.84579
-4.82089
-4.80808
-4.80701
-4.81807
-4.83913
-4.86817
-4.89775
-4.9239
-4.94404
-4.95506
-4.95939
-4.96063
-4.96367
-4.96996
-4.9772
-4.98273
-4.98511
-4.98409
-4.97986
-4.97398
-4.96645
-4.96155
-4.96351
-4.97215
-4.98673
-5.00729
-5.03077
-5.05446
-5.07634
-5.09462
-5.11016
-5.12237
-5.12988
-5.13328
-5.13381
-5.12989
-5.12388
-5.1184
-5.11098
-5.10458
-5.09831
-5.09363
-5.08982
-5.08668
-5.08267
-5.07588
-5.06465
-5.04937
-5.03362
-5.01876
-5.0072
-4.99905
-4.9953
-4.99466
-4.99674
-4.99895
-5.00119
-5.00039
-4.99549
-4.98432
-4.96716
-4.94564
-4.92259
-4.90395
-4.89559
-4.90211
-4.92511
-4.96128
-5.00577
-5.04989
-5.08736
-5.11412
-5.13035
-5.13495
-5.12793
-5.11128
-5.09061
-5.06731
-5.04535
-5.02762
-5.01646
-5.01294
-5.01941
-5.03349
-5.05145
-5.07124
-5.08806
-5.10028
-5.10894
-5.11338
-5.11345
-5.11181
-5.10788
-5.10121
-5.09358
-5.08506
-5.07587
-5.06464
-5.05525
-5.04498
-5.03317
-5.02099
-5.00725
-4.99243
-4.97548
-4.95647
-4.93467
-4.91222
-4.89108
-4.87304
-4.86102
-4.85679
-4.85937
-4.86798
-4.88598
-4.91075
-4.94287
-4.98041
-5.01823
-5.04829
-5.06843
-5.07857
-5.07769
-5.06803
-5.05264
-5.03331
-5.01591
-5.00573
-5.00522
-5.01455
-5.03058
-5.05125
-5.07148
-5.08823
-5.09993
-5.10444
-5.10383
-5.09609
-5.08364
-5.06805
-5.04861
-5.0292
-5.01076
-4.99523
-4.98212
-4.97377
-4.96651
-4.95864
-4.94935
-4.93475
-4.91838
-4.90268
-4.89302
-4.8959
-4.9139
-4.94167
-4.97028
-4.99308
-5.00887
-5.01703
-5.01904
-5.01751
-5.0152
-5.01217
-5.0106
-5.00937
-5.009
-5.0085
-5.00495
-4.99825
-4.99091
-4.98324
-4.97825
-4.97882
-4.98689
-5.00395
-5.02739
-5.05583
-5.08404
-5.10834
-5.12706
-5.1385
-5.14008
-5.13173
-5.11566
-5.0937
-5.06886
-5.0442
-5.01873
-4.98977
-4.95783
-4.91923
-4.87944
-4.8408
-4.80902
-4.78342
-4.76805
-4.76112
-4.76401
-4.77683
-4.79845
-4.82583
-4.8602
-4.89743
-4.93453
-4.96936
-5.00089
-5.02748
-5.04927
-5.06483
-5.07236
-5.07363
-5.07332
-5.07277
-5.07524
-5.08177
-5.08949
-5.09763
-5.10458
-5.10717
-5.10392
-5.09572
-5.08372
-5.06617
-5.04692
-5.02879
-5.01616
-5.00878
-5.00571
-5.00611
-5.00939
-5.01195
-5.01434
-5.0122
-5.00538
-4.99409
-4.97706
-4.95652
-4.93336
-4.91081
-4.89328
-4.8801
-4.87323
-4.87237
-4.87742
-4.88644
-4.89996
-4.91802
-4.9398
-4.96472
-4.98958
-5.01504
-5.03884
-5.0608
-5.07837
-5.0927
-5.09826
-5.09448
-5.08031
-5.05697
-5.02746
-4.99654
-4.96802
-4.94736
-4.93747
-4.9384
-4.94685
-4.96135
-4.9778
-4.99494
-5.01293
-5.03232
-5.0536
-5.07356
-5.09209
-5.10697
-5.11666
-5.12324
-5.12521
-5.12302
-5.11718
-5.10879
-5.099
-5.08844
-5.07727
-5.06637
-5.05437
-5.04456
-5.03823
-5.03759
-5.04513
-5.05864
-5.07433
-5.08494
-5.09091
-5.09372
-5.0969
-5.10514
-5.11672
-5.12882
-5.13957
-5.14376
-5.14061
-5.1288
-5.10828
-5.08196
-5.05733
-5.03821
-5.02748
-5.02425
-5.02388
-5.0239
-5.02319
-5.02214
-5.02169
-5.02131
-5.02286
-5.02574
-5.03046
-5.03678
-5.04716
-5.05813
-5.07096
-5.08183
-5.09089
-5.09725
-5.09747
-5.09287
-5.08263
-5.06932
-5.05326
-5.03736
-5.02389
-5.01379
-5.00714
-5.00492
-5.00507
-5.00673
-5.01001
-5.01566
-5.02348
-5.03611
-5.0552
-5.07726
-5.10295
-5.12853
-5.14969
-5.16509
-5.17275
-5.17239
-5.16345
-5.14589
-5.12117
-5.08871
-5.05123
-5.01256
-4.97626
-4.94834
-4.93225
-4.92905
-4.93892
-4.95641
-4.97434
-4.99077
-5.0007
-5.00458
-5.00345
-5.00028
-4.99673
-4.99691
-5.00198
-5.01187
-5.0258
-5.0419
-5.05827
-5.07214
-5.08299
-5.08894
-5.09042
-5.08738
-5.07974
-5.06767
-5.055
-5.04196
-5.03225
-5.02658
-5.02559
-5.02944
-5.0341
-5.03786
-5.03885
-5.03811
-5.03621
-5.03551
-5.03795
-5.04629
-5.061
-5.08411
-5.11153
-5.13926
-5.16298
-5.17916
-5.18618
-5.18392
-5.17382
-5.15814
-5.13726
-5.11603
-5.09344
-5.07483
-5.06189
-5.05544
-5.05986
-5.07327
-5.0955
-5.12435
-5.15475
-5.18215
-5.20324
-5.21584
-5.2198
-5.21436
-5.19961
-5.18026
-5.15713
-5.13004
-5.10349
-5.07829
-5.05906
-5.04648
-5.04276
-5.04273
-5.04486
-5.04838
-5.05056
-5.05137
-5.05219
-5.05345
-5.0562
-5.06059
-5.06572
-5.07215
-5.07683
-5.07918
-5.07813
-5.07639
-5.07663
-5.07934
-5.08605
-5.09628
-5.10622
-5.11585
-5.12243
-5.12563
-5.12425
-5.1186
-5.11022
-5.10106
-5.09217
-5.08552
-5.08022
-5.07111
-5.06028
-5.04719
-5.03781
-5.03545
-5.03959
-5.05029
-5.0626
-5.0751
-5.08387
-5.08723
-5.08602
-5.08134
-5.07415
-5.06426
-5.05287
-5.04116
-5.02737
-5.01244
-4.99376
-4.97553
-4.95749
-4.94528
-4.9433
-4.95246
-4.97102
-4.99112
-5.00924
-5.02174
-5.0295
-5.03217
-5.0305
-5.02356
-5.01195
-4.99849
-4.98639
-4.98099
-4.9858
-4.99829
-5.01583
-5.03782
-5.06399
-5.09342
-5.12233
-5.15014
-5.17305
-5.18987
-5.19892
-5.20153
-5.19804
-5.18921
-5.17647
-5.16229
-5.14813
-5.13623
-5.12254
-5.10436
-5.08077
-5.04856
-5.01096
-4.97349
-4.94192
-4.92156
-4.91506
-4.92197
-4.93816
-4.96083
-4.98566
-5.00531
-5.01469
-5.01182
-4.99875
-4.98063
-4.96626
-4.95768
-4.95374
-4.95079
-4.94539
-4.9354
-4.92165
-4.90746
-4.90117
-4.90465
-4.92008
-4.94238
-4.96607
-4.98808
-5.00524
-5.01492
-5.01528
-5.0062
-4.98491
-4.9506
-4.90711
-4.85792
-4.80874
-4.7675
-4.73952
-4.72885
-4.7334
-4.75062
-4.77531
-4.80336
-4.83112
-4.85183
-4.86463
-4.87561
-4.88637
-4.90162
-4.92039
-4.94236
-4.96414
-4.98053
-4.99143
-4.9987
-5.001
-4.99887
-4.99094
-4.97853
-4.96471
-4.95199
-4.94476
-4.94283
-4.94482
-4.95196
-4.96265
-4.97685
-4.99473
-5.01319
-5.03026
-5.04573
-5.05704
-5.06319
-5.06484
-5.06177
-5.05537
-5.04852
-5.04274
-5.03869
-5.04057
-5.04716
-5.05753
-5.06885
-5.08188
-5.09618
-5.10892
-5.12121
-5.13221
-5.1408
-5.14649
-5.14808
-5.14337
-5.1329
-5.11444
-5.08891
-5.05877
-5.02763
-5.00308
-4.9885
-4.98528
-4.99176
-5.00336
-5.01523
-5.02381
-5.0285
-5.0279
-5.02452
-5.01824
-5.01264
-5.00817
-5.01019
-5.01898
-5.03549
-5.057
-5.08118
-5.10149
-5.11388
-5.1187
-5.117
-5.10937
-5.09947
-5.08815
-5.07661
-5.06482
-5.05364
-5.04553
-5.04077
-5.04005
-5.04362
-5.04897
-5.05259
-5.05313
-5.04834
-5.03507
-5.01266
-4.98235
-4.94737
-4.91507
-4.8899
-4.88062
-4.88679
-4.90286
-4.92263
-4.9404
-4.95224
-4.95754
-4.95404
-4.94381
-4.93152
-4.92114
-4.91515
-4.91678
-4.92657
-4.9425
-4.96489
-4.98926
-5.013
-5.03403
-5.05042
-5.06166
-5.06785
-5.0686
-5.06501
-5.05752
-5.04763
-5.03427
-5.01868
-5.00144
-4.98477
-4.96961
-4.95536
-4.94274
-4.93388
-4.92999
-4.93022
-4.93913
-4.95545
-4.97484
-4.99624
-5.01805
-5.0377
-5.0544
-5.06726
-5.07742
-5.08249
-5.08313
-5.07923
-5.06993
-5.05408
-5.03462
-5.01735
-5.00601
-5.00455
-5.0147
-5.03441
-5.05717
-5.07838
-5.09493
-5.10721
-5.11308
-5.11602
-5.11499
-5.11258
-5.10908
-5.10625
-5.10271
-5.09978
-5.09447
-5.08673
-5.07402
-5.05826
-5.03919
-5.01716
-4.99329
-4.96828
-4.94591
-4.92781
-4.91297
-4.9053
-4.90414
-4.90744
-4.91313
-4.91819
-4.92295
-4.92954
-4.941
-4.95718
-4.97747
-4.99888
-5.01971
-5.04017
-5.05878
-5.07606
-5.09219
-5.10652
-5.11611
-5.12203
-5.12043
-5.1137
-5.10175
-5.08553
-5.06821
-5.04908
-5.03158
-5.01608
-5.0061
-5.00087
-4.99975
-4.99987
-5.00308
-5.00661
-5.0096
-5.0106
-5.00869
-5.00424
-5.00055
-5.00091
-5.00833
-5.01951
-5.03115
-5.04296
-5.05019
-5.05284
-5.05032
-5.04329
-5.02954
-5.0118
-4.99054
-4.96904
-4.95025
-4.93295
-4.91859
-4.90855
-4.89994
-4.896
-4.89608
-4.90113
-4.90963
-4.91821
-4.92533
-4.9307
-4.93272
-4.93268
-4.93405
-4.93988
-4.9523
-4.96956
-4.99275
-5.01783
-5.04127
-5.06012
-5.07465
-5.08425
-5.09037
-5.09525
-5.09868
-5.10029
-5.10039
-5.09856
-5.09233
-5.08273
-5.06709
-5.04952
-5.02842
-5.00629
-4.98624
-4.97015
-4.95929
-4.95261
-4.94968
-4.95004
-4.95274
-4.96066
-4.97003
-4.98062
-4.99324
-5.00282
-5.01114
-5.01581
-5.02032
-5.0241
-5.02661
-5.02821
-5.02645
-5.02132
-5.00997
-4.99556
-4.98285
-4.97142
-4.964
-4.95928
-4.95762
-4.95903
-4.96489
-4.97556
-4.98869
-5.00173
-5.01122
-5.01688
-5.02001
-5.02483
-5.03294
-5.04767
-5.06907
-5.09394
-5.12066
-5.14523
-5.16517
-5.17771
-5.18077
-5.17619
-5.16509
-5.15223
-5.13938
-5.12931
-5.12561
-5.12557
-5.13091
-5.13961
-5.15036
-5.15922
-5.16559
-5.16911
-5.1693
-5.16487
-5.15698
-5.14562
-5.12977
-5.1096
-5.08672
-5.06458
-5.04605
-5.03483
-5.03023
-5.03122
-5.033
-5.03573
-5.03986
-5.04546
-5.05268
-5.06071
-5.06842
-5.0713
-5.06906
-5.06166
-5.05007
-5.03656
-5.02395
-5.01461
-5.00926
-5.01049
-5.01966
-5.03485
-5.05143
-5.06533
-5.07229
-5.07257
-5.06711
-5.05599
-5.04146
-5.02687
-5.01186
-4.99963
-4.99005
-4.9848
-4.98305
-4.98306
-4.98755
-4.99262
-4.99981
-5.00666
-5.0141
-5.02049
-5.02618
-5.03262
-5.03572
-5.04228
-5.04878
-5.05538
-5.06282
-5.06917
-5.07599
-5.0836
-5.08878
-5.0906
-5.08657
-5.0728
-5.05283
-5.02599
-4.99606
-4.96662
-4.94256
-4.92763
-4.92151
-4.92623
-4.93996
-4.96118
-4.98815
-5.01706
-5.04662
-5.07282
-5.09613
-5.11415
-5.12786
-5.1388
-5.14712
-5.15339
-5.16041
-5.16666
-5.17129
-5.17242
-5.17031
-5.16397
-5.15612
-5.14815
-5.14124
-5.13425
-5.1292
-5.12372
-5.11575
-5.1042
-5.08741
-5.06759
-5.04533
-5.0242
-5.00718
-4.99369
-4.98419
-4.97538
-4.96748
-4.95926
-4.95287
-4.94825
-4.94616
-4.94534
-4.94682
-4.94915
-4.95697
-4.97165
-4.99361
-5.02168
-5.05339
-5.08536
-5.11252
-5.13198
-5.1412
-5.13819
-5.12343
-5.09754
-5.06114
-5.0187
-4.97953
-4.94851
-4.93061
-4.92866
-4.94303
-4.96786
-4.99778
-5.02859
-5.05672
-5.0816
-5.0991
-5.11325
-5.12048
-5.12358
-5.12022
-5.11104
-5.0969
-5.07904
-5.06006
-5.04423
-5.03512
-5.03681
-5.04929
-5.06819
-5.09258
-5.11615
-5.13535
-5.14483
-5.14539
-5.1351
-5.11775
-5.0958
-5.07343
-5.05321
-5.03491
-5.01965
-5.00151
-4.97942
-4.95407
-4.92567
-4.89703
-4.87462
-4.8621
-4.86303
-4.87923
-4.90657
-4.94162
-4.97791
-5.01374
-5.04456
-5.06883
-5.08479
-5.0924
-5.09044
-5.08032
-5.06471
-5.04673
-5.02873
-5.01192
-4.9995
-4.98973
-4.98672
-4.99101
-5.00212
-5.0172
-5.03455
-5.05171
-5.06681
-5.0803
-5.09007
-5.09608
-5.1001
-5.10404
-5.10988
-5.12088
-5.13624
-5.15547
-5.17644
-5.19421
-5.20571
-5.21026
-5.2086
-5.20331
-5.19748
-5.19242
-5.18826
-5.18194
-5.17438
-5.16502
-5.15357
-5.14129
-5.12941
-5.11701
-5.10694
-5.09811
-5.09086
-5.08869
-5.09104
-5.09823
-5.10819
-5.12092
-5.13312
-5.1407
-5.14351
-5.13906
-5.12764
-5.11202
-5.09276
