1.2
1.20001
1.20002
1.20003
1.20005
1.20007
1.2001
1.20013
1.20017
1.20021
1.20025
1.2003
1.20035
1.20041
1.20047
1.20054
1.20061
1.20068
1.20076
1.20085
1.20094
1.20103
1.20113
1.20123
1.20134
1.20146
1.20158
1.20171
1.20184
1.20198
1.20212
1.20227
1.20243
1.20259
1.20276
1.20293
1.20311
1.2033
1.2035
1.2037
1.20391
1.20413
1.20435
1.20458
1.20483
1.20508
1.20534
1.20561
1.20589
1.20617
1.20647
1.20678
1.20711
1.20744
1.20778
1.20814
1.20851
1.2089
1.2093
1.20971
1.21014
1.21059
1.21105
1.21153
1.21203
1.21255
1.2131
1.21366
1.21424
1.21485
1.21549
1.21615
1.21684
1.21756
1.21832
1.2191
1.21992
1.22078
1.22168
1.22262
1.2236
1.22463
1.22571
1.22684
1.22802
1.22926
1.23057
1.23194
1.23337
1.23487
1.23645
1.2381
1.23982
1.24163
1.24351
1.24546
1.24748
1.24956
1.2517
1.25386
1.25604
1.25819
1.26026
1.26221
1.26395
1.26538
1.2664
1.26687
1.26666
1.26568
1.26387
1.26129
1.25815
1.25485
1.25196
1.25007
1.24968
1.25102
1.25401
1.25828
1.26329
1.26842
1.2731
1.2769
1.2796
1.28125
1.2822
1.28305
1.28449
1.28708
1.29107
1.29624
1.30205
1.30779
1.31284
1.31677
1.31935
1.32058
1.32062
1.31974
1.31825
1.31648
1.31469
1.31304
1.31158
1.31029
1.30909
1.30793
1.30672
1.30541
1.30392
1.30233
1.30084
1.29985
1.2998
1.30108
1.30383
1.30795
1.31312
1.3189
1.32485
1.33052
1.33555
1.33968
1.34274
1.34466
1.34552
1.34546
1.34472
1.34358
1.34235
1.34133
1.34078
1.34088
1.34168
1.34315
1.34515
1.34749
1.34996
1.35236
1.35452
1.35634
1.35778
1.35885
1.35964
1.36022
1.36071
1.36115
1.36158
1.36201
1.36241
1.36278
1.36313
1.36347
1.36385
1.3643
1.36483
1.36543
1.36608
1.36674
1.36738
1.36799
1.36858
1.36918
1.36983
1.37058
1.37146
1.3725
1.37372
1.3751
1.3766
1.37819
1.3798
1.38137
1.38283
1.3841
1.38514
1.38588
1.38628
1.38631
1.38595
1.38523
1.38419
1.38293
1.38158
1.38026
1.3791
1.37815
1.37738
1.37668
1.37587
1.37475
1.37316
1.37102
1.3684
1.3655
1.36273
1.36063
1.35978
1.36063
1.36331
1.36759
1.37293
1.37861
1.38389
1.38815
1.3909
1.39176
1.39056
1.38735
1.38255
1.37712
1.37244
1.36991
1.37041
1.37381
1.37913
1.38505
1.3904
1.39429
1.3962
1.39581
1.39302
1.38788
1.38064
1.37187
1.36248
1.35369
1.34688
1.34324
1.34343
1.34733
1.35409
1.36248
1.37119
1.37921
1.38594
1.39113
1.39481
1.39721
1.39861
1.39933
1.39962
1.39971
1.39976
1.39984
1.39999
1.40022
1.40051
1.40083
1.40118
1.40155
1.40191
1.40229
1.40267
1.40307
1.40345
1.40381
1.4041
1.40427
1.40424
1.40388
1.40306
1.40161
1.39937
1.39618
1.39202
1.38699
1.38151
1.37626
1.37206
1.3696
1.36917
1.37046
1.37284
1.37556
1.37806
1.38002
1.38135
1.38212
1.38248
1.38261
1.38267
1.38279
1.38304
1.38342
1.38388
1.38436
1.38474
1.38495
1.38496
1.38477
1.38446
1.38414
1.3839
1.38385
1.38402
1.38438
1.38484
1.3853
1.38565
1.38581
1.38574
1.38544
1.38495
1.38434
1.38371
1.38312
1.38264
1.38231
1.38216
1.38215
1.38227
1.38248
1.38275
1.38305
1.38338
1.38374
1.38413
1.38457
1.38504
1.38555
1.38606
1.38653
1.3869
1.38707
1.38695
1.38642
1.38534
1.38357
1.38096
1.37741
1.37284
1.36734
1.36115
1.35477
1.34894
1.34455
1.34242
1.34306
1.34647
1.35215
1.35926
1.36689
1.37428
1.38088
1.38641
1.39072
1.39381
1.39571
1.39644
1.39605
1.39455
1.392
1.38852
1.38432
1.37976
1.37528
1.37132
1.36822
1.19825
1.19732
1.19708
1.19729
1.19778
1.19851
1.19945
1.20061
1.20197
1.20343
1.20492
1.20633
1.20761
1.20872
1.20967
1.21048
1.21119
1.21183
1.21242
1.21298
1.21351
1.21401
1.21447
1.2149
1.21529
1.21563
1.21592
1.21617
1.21638
1.21656
1.21671
1.21684
1.21696
1.21706
1.21716
1.21725
1.21733
1.2174
1.21746
1.21748
1.21747
1.21741
1.21728
1.21707
1.21676
1.21633
1.21577
1.21507
1.21421
1.21322
1.2121
1.2109
1.20967
1.20849
1.20743
1.20655
1.20591
1.20551
1.20532
1.20527
1.20529
1.20528
1.20516
1.20488
1.20443
1.20383
1.20315
1.20248
1.20193
1.20161
1.20163
1.20204
1.20285
1.20403
1.2055
1.20714
1.20882
1.21042
1.21182
1.21295
1.21376
1.21424
1.2144
1.2143
1.21398
1.21352
1.21294
1.21228
1.21151
1.2106
1.2095
1.2082
1.20669
1.20505
1.2034
1.20192
1.20077
1.20011
1.20001
1.20047
1.20143
1.20274
1.20427
1.20584
1.2073
1.20848
1.20927
1.20955
1.20933
1.20866
1.20771
1.20668
1.2058
1.20526
1.20517
1.20556
1.2064
1.20759
1.20905
1.21065
1.21228
1.2138
1.21511
1.21609
1.21666
1.21676
1.21641
1.21566
1.21463
1.21347
1.2124
1.21162
1.21134
1.21172
1.21288
1.2148
1.21738
1.22041
1.22364
1.22682
1.22972
1.23216
1.23403
1.23526
1.23581
1.23568
1.23492
1.23358
1.2318
1.22974
1.2276
1.22557
1.22383
1.22245
1.22146
1.22084
1.22054
1.22053
1.2208
1.2213
1.22196
1.22264
1.22315
1.22334
1.22308
1.22234
1.22122
1.21994
1.21875
1.21793
1.2177
1.21814
1.2192
1.2207
1.22234
1.22383
1.2249
1.22537
1.22518
1.22439
1.2232
1.22187
1.22071
1.22
1.2199
1.22043
1.22141
1.22262
1.22377
1.22467
1.22524
1.22551
1.22561
1.2257
1.22591
1.2263
1.22686
1.22748
1.22804
1.2284
1.22845
1.22812
1.22734
1.2261
1.22437
1.22217
1.21953
1.21653
1.21331
1.21009
1.20714
1.20476
1.20322
1.20268
1.20316
1.20454
1.20654
1.20889
1.2113
1.21359
1.21561
1.21731
1.2187
1.21981
1.2207
1.22142
1.22201
1.22251
1.22293
1.22327
1.2235
1.22359
1.2235
1.22318
1.22259
1.2217
1.22048
1.21894
1.2171
1.21501
1.21272
1.21026
1.20765
1.2049
1.20204
1.19924
1.19681
1.1953
1.1953
1.19721
1.20095
1.20592
1.21118
1.21578
1.21898
1.22034
1.21971
1.2173
1.21366
1.20975
1.20674
1.2056
1.2067
1.20959
1.21329
1.21674
1.21913
1.21998
1.2191
1.21659
1.21284
1.20868
1.20529
1.20388
1.20516
1.20891
1.21412
1.21956
1.22421
1.22755
1.22946
1.2301
1.22974
1.22869
1.22721
1.22547
1.22352
1.2213
1.21871
1.21563
1.21205
1.20806
1.20398
1.20027
1.19751
1.19621
1.19665
1.19881
1.20234
1.20674
1.21149
1.21618
1.22054
1.22446
1.22786
1.23076
1.23317
1.23509
1.23655
1.23756
1.23812
1.23825
1.23796
1.23727
1.23618
1.2347
1.23282
1.23053
1.22781
1.22465
1.22109
1.2172
1.21317
1.20923
1.20571
1.20294
1.20122
1.20071
1.20144
1.20326
1.20591
1.20908
1.21242
1.21565
1.21855
1.221
1.22295
1.22443
1.22552
1.22631
1.22692
1.22746
1.22797
1.2285
1.22903
1.22951
1.22987
1.23005
1.23002
1.22977
1.22936
1.22888
1.22843
1.22812
1.22802
1.22816
1.22846
1.22881
1.22904
1.22898
1.22848
1.22745
1.2259
1.22394
1.22177
1.21967
1.21798
1.21704
1.21709
1.21823
1.22036
1.22321
1.2264
1.22951
1.23212
1.23389
1.23456
1.23393
1.2319
1.22849
1.22384
1.21831
1.21244
1.2069
1.20242
1.19953
1.19848
1.19914
1.2011
1.20383
1.2068
1.20963
1.2121
1.2141
1.21565
1.2168
1.21762
1.21817
1.2185
1.21864
1.19999
1.19987
1.1997
1.19951
1.19935
1.19925
1.19922
1.19925
1.1993
1.19934
1.19935
1.19928
1.19914
1.1989
1.19857
1.19817
1.19771
1.19721
1.19669
1.19617
1.19567
1.1952
1.19477
1.19439
1.19407
1.19381
1.19361
1.19346
1.19336
1.1933
1.19325
1.19321
1.19316
1.19307
1.1929
1.19262
1.1922
1.19158
1.19075
1.18967
1.18834
1.18683
1.18522
1.18366
1.18236
1.18153
1.18131
1.18179
1.18292
1.18458
1.18657
1.1887
1.19081
1.19279
1.19459
1.19619
1.1976
1.19881
1.19984
1.20067
1.20131
1.20172
1.20188
1.20175
1.2013
1.20047
1.19923
1.19754
1.19536
1.19273
1.18972
1.18645
1.18308
1.17969
1.1762
1.17232
1.16766
1.16199
1.15564
1.1498
1.1464
1.14745
1.15391
1.16503
1.17867
1.19245
1.20462
1.21433
1.2215
1.22639
1.22944
1.23105
1.23159
1.23134
1.23053
1.22932
1.22782
1.2261
1.2242
1.22211
1.21982
1.2173
1.21453
1.21151
1.2083
1.205
1.20178
1.19884
1.19642
1.19471
1.19387
1.19394
1.19487
1.19651
1.19869
1.20119
1.20385
1.20652
1.20913
1.21163
1.214
1.21625
1.21836
1.22033
1.22214
1.22378
1.22521
1.22643
1.2274
1.22812
1.22857
1.22875
1.22866
1.22828
1.22762
1.22667
1.22543
1.22392
1.22215
1.22017
1.21803
1.21582
1.21364
1.2116
1.20979
1.20828
1.20712
1.20633
1.20592
1.20587
1.20617
1.20675
1.20754
1.20843
1.20926
1.20992
1.21028
1.21026
1.20982
1.20895
1.20761
1.20581
1.20354
1.2008
1.19768
1.19435
1.19108
1.18825
1.18621
1.18522
1.18534
1.18641
1.18814
1.19017
1.19221
1.19407
1.19569
1.19711
1.19839
1.19961
1.20083
1.20208
1.20335
1.20463
1.20592
1.20717
1.20833
1.20935
1.21019
1.2108
1.21117
1.21129
1.21118
1.21087
1.21039
1.20978
1.20909
1.20833
1.20753
1.20666
1.20572
1.20465
1.2034
1.2019
1.20008
1.19788
1.19525
1.19221
1.18882
1.18521
1.18162
1.17831
1.17563
1.17384
1.17315
1.17362
1.17514
1.17751
1.18044
1.18362
1.18681
1.18981
1.19252
1.19489
1.19693
1.19868
1.20017
1.20146
1.20258
1.20356
1.20441
1.20514
1.20574
1.20619
1.20649
1.20659
1.20645
1.20606
1.20537
1.20437
1.20306
1.20148
1.19974
1.19798
1.19642
1.19528
1.19476
1.19499
1.19599
1.19766
1.19982
1.20228
1.20484
1.20736
1.20974
1.21193
1.21392
1.21572
1.21732
1.21873
1.21994
1.2209
1.22153
1.22171
1.22127
1.22001
1.21774
1.21434
1.20986
1.20461
1.19921
1.19456
1.19156
1.19079
1.19229
1.19561
1.20004
1.20485
1.20942
1.21334
1.21639
1.21849
1.21971
1.22018
1.22008
1.21962
1.21896
1.21828
1.21771
1.21739
1.21742
1.21788
1.21882
1.22023
1.22205
1.2242
1.22655
1.22899
1.23141
1.23375
1.23597
1.23808
1.24007
1.24195
1.24371
1.24535
1.24682
1.24808
1.24907
1.24971
1.24991
1.24958
1.24859
1.24678
1.24396
1.23994
1.23455
1.22776
1.21985
1.21154
1.20403
1.19855
1.1958
1.19553
1.19689
1.199
1.20144
1.20419
1.20729
1.2106
1.21381
1.21656
1.21861
1.21986
1.22043
1.22054
1.2205
1.22065
1.22129
1.22261
1.22466
1.22734
1.23044
1.23371
1.23691
1.23985
1.24242
1.24458
1.24631
1.24764
1.24861
1.24925
1.24959
1.24963
1.2494
1.24887
1.24802
1.24685
1.24534
1.2435
1.2414
1.23914
1.23692
1.23498
1.23359
1.23298
1.2333
1.23453
1.23654
1.2391
1.24194
1.2448
1.24748
1.24983
1.25178
1.25328
1.25433
1.25498
1.25528
1.25531
1.25515
1.25489
1.25463
1.25444
1.25436
1.25443
1.25464
1.25496
1.25534
1.25574
1.2561
1.2564
1.2566
1.25672
1.25678
1.25683
1.25691
1.25706
1.25731
1.25765
1.20041
1.20088
1.20132
1.20167
1.20189
1.20192
1.20175
1.20136
1.20076
1.2
1.19912
1.19817
1.19724
1.19637
1.19564
1.19507
1.19469
1.19451
1.19451
1.1947
1.19504
1.19554
1.1962
1.197
1.19795
1.19905
1.20027
1.2016
1.20299
1.20439
1.20573
1.20695
1.20802
1.20888
1.2095
1.20988
1.21
1.20986
1.20947
1.20883
1.20796
1.20685
1.2055
1.20393
1.20213
1.2001
1.19786
1.19542
1.19282
1.1901
1.18734
1.18463
1.18209
1.17982
1.17795
1.17657
1.17575
1.17551
1.17585
1.1767
1.17795
1.17947
1.18109
1.18263
1.18393
1.1848
1.18508
1.18461
1.18324
1.18089
1.1776
1.17363
1.16952
1.16611
1.16429
1.16466
1.16724
1.17143
1.17637
1.18123
1.1855
1.18892
1.19149
1.1933
1.19449
1.19519
1.19555
1.19563
1.19551
1.19524
1.19483
1.1943
1.19364
1.19286
1.19198
1.19101
1.19002
1.18907
1.18823
1.18757
1.18711
1.1868
1.18651
1.18606
1.1852
1.1837
1.18137
1.17816
1.1742
1.16985
1.16566
1.16231
1.16044
1.16041
1.16223
1.16553
1.16977
1.17437
1.1789
1.18313
1.18701
1.19055
1.19385
1.19696
1.19991
1.20267
1.20517
1.20734
1.20909
1.21035
1.21108
1.21125
1.21091
1.21016
1.20914
1.20806
1.2071
1.20643
1.20615
1.20628
1.20678
1.20758
1.2086
1.2098
1.21113
1.21258
1.21411
1.21567
1.21718
1.21854
1.21966
1.22043
1.22075
1.22053
1.21969
1.21817
1.21593
1.21295
1.2093
1.20515
1.20082
1.19683
1.19376
1.19213
1.19217
1.19372
1.1963
1.1993
1.20218
1.20458
1.2063
1.20731
1.20768
1.2075
1.20692
1.2061
1.20522
1.20445
1.20397
1.20394
1.20446
1.20557
1.20723
1.20936
1.21181
1.21445
1.21712
1.21969
1.22208
1.22421
1.22605
1.22762
1.22891
1.22991
1.2306
1.2309
1.23069
1.22979
1.22802
1.22523
1.22135
1.21643
1.21074
1.20471
1.1989
1.19386
1.18998
1.18741
1.1861
1.18588
1.18656
1.188
1.19001
1.19239
1.1948
1.1969
1.19841
1.19918
1.19924
1.19878
1.1981
1.19754
1.19738
1.19782
1.19895
1.2007
1.20291
1.20532
1.2077
1.20981
1.21149
1.21263
1.21317
1.21306
1.21229
1.21084
1.20873
1.20599
1.20269
1.19898
1.19501
1.19096
1.18698
1.18317
1.17967
1.17672
1.17473
1.17416
1.17533
1.17819
1.18228
1.18691
1.19141
1.1953
1.19832
1.20044
1.20172
1.20228
1.20224
1.20172
1.20077
1.19939
1.19753
1.19507
1.19186
1.1877
1.18242
1.17595
1.16847
1.16063
1.15369
1.14929
1.14879
1.15248
1.15936
1.16771
1.17593
1.18304
1.18861
1.19262
1.19522
1.19661
1.197
1.19658
1.19554
1.19407
1.19236
1.19062
1.18904
1.18779
1.18696
1.18659
1.18664
1.18703
1.18767
1.18845
1.18927
1.19003
1.19066
1.1911
1.19129
1.19122
1.1909
1.19035
1.18964
1.18881
1.18792
1.18702
1.18611
1.18522
1.18433
1.18344
1.18256
1.18169
1.18088
1.18019
1.17972
1.17954
1.17972
1.18025
1.18108
1.18209
1.18313
1.18406
1.18479
1.18526
1.18551
1.1856
1.18566
1.18578
1.18606
1.18655
1.18727
1.18817
1.18923
1.19038
1.19157
1.19275
1.19387
1.19489
1.19574
1.19635
1.19665
1.19652
1.19584
1.19447
1.19222
1.18888
1.18421
1.17803
1.17032
1.16139
1.15213
1.14397
1.13858
1.13707
1.13939
1.14447
1.1509
1.15753
1.16376
1.16937
1.17438
1.17884
1.18282
1.18631
1.18931
1.19179
1.19374
1.19516
1.19609
1.19659
1.19672
1.19654
1.19613
1.19552
1.19472
1.19375
1.19262
1.19134
1.18997
1.18853
1.18703
1.18543
1.18366
1.18169
1.17955
1.17745
1.17572
1.17476
1.17497
1.17655
1.17951
1.18354
1.18819
1.19296
1.1974
1.20123
1.20431
1.20663
1.20145
1.20239
1.20283
1.2028
1.20232
1.20134
1.19974
1.19738
1.19413
1.18988
1.18469
1.17881
1.17273
1.16716
1.16285
1.16029
1.15954
1.16014
1.16138
1.16258
1.1633
1.16351
1.16346
1.16353
1.164
1.16495
1.16621
1.16749
1.1685
1.1691
1.16936
1.16952
1.16995
1.17098
1.17283
1.17552
1.17886
1.18257
1.1863
1.18976
1.19274
1.1951
1.19678
1.19777
1.19811
1.19783
1.19699
1.19564
1.19385
1.1917
1.18928
1.18669
1.18402
1.18136
1.17878
1.17631
1.17393
1.1716
1.16924
1.16678
1.16418
1.16142
1.15854
1.15568
1.15306
1.151
1.14978
1.14962
1.15057
1.15248
1.15507
1.15805
1.16115
1.16418
1.16705
1.1697
1.17212
1.17433
1.17633
1.17813
1.17974
1.18118
1.18245
1.18355
1.18448
1.18524
1.18582
1.1862
1.18635
1.18626
1.18589
1.18523
1.18426
1.18301
1.18153
1.17993
1.17837
1.17705
1.17618
1.17596
1.17652
1.17787
1.17996
1.18261
1.18562
1.18873
1.19172
1.19438
1.19653
1.19803
1.19877
1.19865
1.19762
1.19564
1.19274
1.18902
1.1847
1.18014
1.17577
1.1721
1.16956
1.16847
1.16898
1.17107
1.17461
1.17934
1.18492
1.19094
1.197
1.20277
1.20797
1.21247
1.21621
1.21923
1.22166
1.22368
1.22551
1.22734
1.22929
1.2314
1.23361
1.23584
1.23795
1.23985
1.24148
1.24283
1.2439
1.24472
1.24533
1.24575
1.246
1.24604
1.24584
1.24531
1.24431
1.24264
1.24008
1.23641
1.2315
1.2254
1.21846
1.21133
1.20484
1.19976
1.19661
1.19561
1.19667
1.19945
1.20334
1.20752
1.21107
1.21326
1.21371
1.21246
1.20997
1.2069
1.20397
1.2018
1.20083
1.20124
1.20295
1.2057
1.2091
1.21273
1.21624
1.2194
1.2221
1.22431
1.22605
1.22739
1.22841
1.2292
1.22987
1.23052
1.23123
1.23206
1.23304
1.23415
1.23536
1.23658
1.23775
1.23875
1.2395
1.23988
1.2398
1.23916
1.2379
1.23596
1.23334
1.2301
1.22638
1.22242
1.2185
1.2149
1.21183
1.2094
1.20757
1.20619
1.20508
1.20403
1.2029
1.20161
1.20022
1.19891
1.19799
1.19775
1.19842
1.20006
1.20253
1.20554
1.20872
1.21174
1.21434
1.21638
1.21782
1.21874
1.21932
1.2198
1.22044
1.22147
1.22301
1.22504
1.22742
1.22992
1.23232
1.23439
1.23599
1.23702
1.23741
1.23711
1.23612
1.23443
1.23211
1.22927
1.22609
1.22282
1.21967
1.2168
1.21421
1.21181
1.20949
1.20722
1.20513
1.20342
1.20231
1.20191
1.20224
1.20321
1.20469
1.20653
1.20857
1.21064
1.21258
1.21421
1.2154
1.21601
1.21598
1.21526
1.21389
1.21198
1.20979
1.20766
1.20601
1.2052
1.20542
1.20657
1.20835
1.21032
1.21206
1.21327
1.21382
1.2137
1.21306
1.21211
1.21109
1.21024
1.20971
1.2096
1.20988
1.21044
1.21114
1.21182
1.21229
1.21241
1.21201
1.2109
1.2089
1.20585
1.20168
1.19658
1.19108
1.1862
1.18311
1.18271
1.18508
1.18945
1.19458
1.19937
1.20311
1.20555
1.20671
1.20677
1.20598
1.2046
1.20289
1.20111
1.19949
1.19822
1.19742
1.19715
1.19744
1.19824
1.19949
1.20109
1.2029
1.20472
1.20635
1.20761
1.20833
1.20845
1.20797
1.20702
1.20575
1.20429
1.2027
1.20093
1.19894
1.1968
1.19479
1.19339
1.19313
1.19435
1.19701
1.2007
1.20482
1.20881
1.21228
1.21501
1.21696
1.21817
1.21872
1.2187
1.2182
1.21728
1.21595
1.2142
1.21199
1.20926
1.20596
1.20209
1.19775
1.19322
1.18898
1.18566
1.18385
1.18389
1.18567
1.18869
1.19228
1.19582
1.19888
1.20124
1.20286
1.20381
1.20419
1.20411
1.20367
1.20292
1.20191
1.20066
1.19917
1.19744
1.19548
1.19332
1.19105
1.18877
1.18665
1.18483
1.18347
1.18263
1.19971
1.19974
1.19984
1.19971
1.19906
1.19765
1.19542
1.19254
1.18944
1.18674
1.18509
1.18492
1.18622
1.18859
1.19146
1.19423
1.19652
1.19814
1.19904
1.19931
1.19905
1.19841
1.19752
1.1965
1.19544
1.19441
1.19346
1.1926
1.1918
1.19105
1.19031
1.18952
1.18867
1.18772
1.18664
1.18544
1.18412
1.1827
1.18121
1.17971
1.17826
1.17696
1.17589
1.17514
1.17479
1.17486
1.17534
1.17616
1.17724
1.17847
1.17973
1.18094
1.18203
1.18295
1.18371
1.18432
1.18481
1.18525
1.18569
1.18621
1.18686
1.18768
1.18867
1.18982
1.19108
1.19238
1.19361
1.19468
1.19546
1.19582
1.19564
1.19476
1.19302
1.19024
1.18627
1.18094
1.17421
1.16621
1.15734
1.14835
1.14031
1.1344
1.13163
1.13249
1.13686
1.14406
1.15312
1.16297
1.17265
1.18143
1.18888
1.19483
1.19931
1.20252
1.20473
1.20621
1.20719
1.20783
1.2082
1.20832
1.20812
1.20757
1.20662
1.20529
1.20361
1.20172
1.19974
1.19783
1.1961
1.19464
1.19348
1.19261
1.19207
1.19188
1.19211
1.19283
1.19406
1.19572
1.19766
1.19965
1.20144
1.20281
1.2036
1.20372
1.20319
1.20214
1.20077
1.19932
1.19806
1.19721
1.19692
1.19727
1.19824
1.19977
1.20176
1.20409
1.20665
1.2093
1.21192
1.21439
1.21657
1.21834
1.2196
1.22024
1.22015
1.21926
1.21753
1.21496
1.2117
1.20805
1.20454
1.20185
1.20063
1.20129
1.20374
1.20751
1.21191
1.21629
1.22019
1.22335
1.22571
1.22726
1.22808
1.22824
1.22784
1.22701
1.22588
1.22464
1.22344
1.2224
1.22157
1.22087
1.22017
1.21931
1.21821
1.21687
1.21549
1.21435
1.21376
1.21395
1.21491
1.21644
1.21813
1.21954
1.22028
1.2202
1.21945
1.21842
1.2177
1.21781
1.21898
1.22106
1.22364
1.22624
1.22848
1.23016
1.2312
1.23165
1.23156
1.23102
1.23014
1.22906
1.22791
1.22684
1.22597
1.22539
1.2251
1.22503
1.22509
1.22516
1.22514
1.22497
1.22466
1.2243
1.22399
1.22384
1.22391
1.22417
1.22453
1.22484
1.225
1.22499
1.22487
1.22478
1.22489
1.22532
1.2261
1.22716
1.22836
1.22952
1.23048
1.23109
1.23126
1.2309
1.22996
1.22843
1.22631
1.22369
1.22068
1.21747
1.21425
1.21129
1.20884
1.20715
1.20643
1.20677
1.20813
1.21023
1.21269
1.21508
1.21702
1.21826
1.21873
1.21848
1.21768
1.21657
1.21538
1.21435
1.21364
1.21334
1.21346
1.21394
1.21466
1.21547
1.21624
1.21687
1.21729
1.21748
1.21746
1.21725
1.21691
1.21649
1.21604
1.2156
1.21516
1.21469
1.21411
1.21333
1.21227
1.2109
1.20932
1.20771
1.2063
1.20534
1.20497
1.20521
1.20591
1.20686
1.20784
1.2087
1.20933
1.20976
1.21004
1.21027
1.21057
1.21106
1.21182
1.2129
1.2143
1.21599
1.21789
1.21989
1.22187
1.22369
1.2252
1.22629
1.22687
1.22689
1.22633
1.22522
1.22361
1.22153
1.21898
1.21597
1.21254
1.20881
1.20511
1.20186
1.1995
1.19827
1.19809
1.19862
1.19945
1.20025
1.20093
1.20154
1.20227
1.20324
1.20453
1.20606
1.20772
1.20934
1.21081
1.21204
1.21301
1.21368
1.214
1.21391
1.21335
1.21231
1.21087
1.20924
1.20773
1.20665
1.20626
1.20663
1.20769
1.20921
1.2109
1.21249
1.21377
1.21469
1.21529
1.21567
1.21602
1.21646
1.21707
1.21785
1.21871
1.2195
1.22005
1.22016
1.21968
1.21848
1.21652
1.21387
1.21069
1.2073
1.20402
1.20112
1.19864
1.1964
1.19409
1.19145
1.18852
1.18569
1.18356
1.1826
1.18292
1.18413
1.18566
1.18695
1.18768
1.18781
1.18748
1.18688
1.1862
1.18551
1.18482
1.18402
1.18301
1.18168
1.18006
1.17829
1.17663
1.17539
1.17485
1.17511
1.17605
1.17737
1.20124
1.20216
1.20244
1.20197
1.20072
1.19878
1.19633
1.19365
1.19113
1.18919
1.18825
1.18856
1.19014
1.19276
1.19601
1.19939
1.20249
1.20494
1.20647
1.20688
1.20598
1.20366
1.19988
1.19482
1.18895
1.18307
1.17811
1.17483
1.17344
1.17367
1.17503
1.17715
1.17987
1.18306
1.1865
1.18978
1.19246
1.19417
1.19474
1.19412
1.19244
1.1899
1.18675
1.18328
1.17977
1.17649
1.17373
1.17173
1.17069
1.17072
1.17185
1.17399
1.17696
1.18051
1.18436
1.18824
1.19186
1.19502
1.19757
1.1994
1.20049
1.20089
1.2007
1.20004
1.19907
1.19792
1.19671
1.19553
1.19444
1.19349
1.19273
1.19224
1.19207
1.19223
1.19268
1.19334
1.19409
1.19485
1.19557
1.19624
1.1969
1.1976
1.19837
1.19922
1.20013
1.20106
1.20191
1.20262
1.2031
1.2033
1.20317
1.2027
1.20189
1.20074
1.19928
1.19752
1.1955
1.19324
1.1908
1.18823
1.18561
1.18305
1.18067
1.17859
1.17694
1.17583
1.17533
1.17546
1.17617
1.17738
1.17896
1.18077
1.18267
1.18455
1.18631
1.1879
1.18928
1.19044
1.19138
1.19213
1.19269
1.1931
1.19337
1.19353
1.1936
1.1936
1.19355
1.19346
1.19334
1.19323
1.19312
1.19304
1.19299
1.19298
1.19302
1.19312
1.19328
1.1935
1.19378
1.1941
1.19446
1.19483
1.19518
1.19549
1.19572
1.19584
1.19581
1.19564
1.19531
1.19485
1.19435
1.19387
1.19353
1.19343
1.19364
1.19417
1.19498
1.19598
1.19703
1.19803
1.19889
1.19955
1.19996
1.20007
1.19981
1.19907
1.19775
1.19577
1.19318
1.19018
1.18716
1.18458
1.18285
1.1821
1.1822
1.18278
1.18345
1.18396
1.18434
1.18488
1.18604
1.18812
1.19114
1.19474
1.19835
1.20144
1.20367
1.20495
1.20539
1.20524
1.20479
1.20431
1.20394
1.20373
1.20361
1.20342
1.20303
1.2024
1.20163
1.20099
1.20076
1.2012
1.20237
1.20413
1.20622
1.20835
1.21025
1.21178
1.21287
1.21353
1.2138
1.21375
1.21345
1.21295
1.21231
1.21157
1.21076
1.20991
1.20903
1.20814
1.20728
1.20647
1.20575
1.20516
1.20477
1.20462
1.20475
1.20518
1.20593
1.20696
1.20825
1.20973
1.21133
1.21301
1.2147
1.21635
1.2179
1.21926
1.22035
1.22101
1.22101
1.22007
1.21775
1.2136
1.20725
1.19875
1.18913
1.18061
1.17602
1.17699
1.18265
1.1902
1.19678
1.20065
1.20137
1.19945
1.19612
1.19301
1.19165
1.19277
1.19601
1.20029
1.20446
1.20784
1.21031
1.21211
1.21363
1.21521
1.21706
1.21922
1.22161
1.22407
1.22642
1.2285
1.2302
1.23148
1.23237
1.23294
1.23328
1.23351
1.23374
1.23404
1.2344
1.23479
1.23509
1.23516
1.23486
1.23405
1.23261
1.23051
1.22776
1.22447
1.22084
1.21713
1.21369
1.21084
1.20885
1.20787
1.20794
1.20895
1.21072
1.21307
1.21577
1.21865
1.22153
1.22426
1.22669
1.22869
1.23018
1.2311
1.23146
1.23131
1.23072
1.22978
1.22859
1.22722
1.22571
1.22408
1.22233
1.22048
1.21857
1.21668
1.2149
1.21338
1.21222
1.2115
1.21124
1.21139
1.21186
1.21255
1.21337
1.21429
1.21527
1.21633
1.2175
1.21877
1.22013
1.22157
1.22302
1.22441
1.22567
1.22671
1.22748
1.22791
1.22795
1.22757
1.22673
1.22541
1.22356
1.22115
1.21813
1.21445
1.21012
1.20525
1.20013
1.19525
1.19132
1.189
1.18869
1.19026
1.19315
1.19658
1.19987
1.20256
1.2045
1.20572
1.2064
1.20674
1.20695
1.20718
1.20752
1.20803
1.20871
1.20954
1.2105
1.21156
1.2127
1.21387
1.21505
1.21619
1.21724
1.21817
1.21894
1.21953
1.21991
1.22004
1.21991
1.21946
1.21865
1.2174
1.21566
1.21336
1.21044
1.20691
1.20286
1.19849
1.19408
1.18996
1.18644
1.18366
1.19813
1.19673
1.1958
1.19527
1.19518
1.1956
1.19649
1.19773
1.19908
1.20028
1.20116
1.20167
1.20191
1.20205
1.20232
1.20287
1.20381
1.20516
1.20688
1.20888
1.21102
1.21316
1.21517
1.21694
1.21838
1.21947
1.2202
1.22059
1.2207
1.22055
1.22019
1.21967
1.219
1.21823
1.21738
1.21651
1.21568
1.21495
1.21438
1.214
1.21382
1.21378
1.21377
1.21365
1.21323
1.21236
1.21089
1.2088
1.2062
1.20335
1.20065
1.19854
1.19736
1.19727
1.19818
1.19989
1.20211
1.20463
1.20726
1.2099
1.21246
1.21489
1.21717
1.21927
1.2212
1.22296
1.22454
1.22591
1.22705
1.22789
1.22836
1.22835
1.22778
1.22656
1.22465
1.22207
1.21894
1.2155
1.21203
1.20883
1.20608
1.20381
1.20188
1.20007
1.19819
1.19618
1.19413
1.19227
1.19089
1.19035
1.19092
1.19281
1.19603
1.20043
1.2057
1.21145
1.21729
1.2229
1.22804
1.23255
1.23637
1.23951
1.24199
1.24388
1.24527
1.24623
1.24685
1.24723
1.24744
1.24755
1.24764
1.24773
1.24786
1.24805
1.24829
1.24858
1.2489
1.24922
1.24954
1.24984
1.2501
1.25032
1.25048
1.25055
1.25049
1.25027
1.24982
1.24908
1.24797
1.24641
1.24435
1.2417
1.23834
1.23409
1.2287
1.22192
1.2137
1.2045
1.19541
1.18801
1.18379
1.18336
1.18633
1.19171
1.19856
1.2062
1.21413
1.22194
1.22925
1.23573
1.24112
1.24518
1.24759
1.24782
1.24514
1.23868
1.22807
1.2144
1.20131
1.19395
1.19538
1.20367
1.21394
1.22222
1.22693
1.22822
1.22696
1.22441
1.22216
1.22187
1.22457
1.23005
1.23692
1.2434
1.24804
1.25003
1.24918
1.24579
1.24069
1.23522
1.23106
1.22959
1.23128
1.2355
1.24095
1.24642
1.25116
1.2549
1.25771
1.25977
1.26131
1.2625
1.26347
1.26431
1.26504
1.26569
1.26623
1.26664
1.26687
1.26689
1.26663
1.26605
1.26508
1.26367
1.26177
1.25934
1.25638
1.25293
1.24906
1.24495
1.2408
1.23689
1.23353
1.23098
1.22947
1.22907
1.22972
1.23121
1.23322
1.23539
1.23743
1.23909
1.24025
1.24083
1.2408
1.24011
1.23873
1.23656
1.23356
1.22975
1.22536
1.22082
1.21688
1.21433
1.21382
1.21555
1.21921
1.22412
1.22954
1.23484
1.23957
1.24348
1.24641
1.24828
1.24905
1.24871
1.24726
1.24475
1.24131
1.23711
1.23248
1.22783
1.22365
1.22044
1.21861
1.21831
1.21945
1.22168
1.22453
1.22754
1.23031
1.23261
1.23432
1.23541
1.23593
1.23595
1.23556
1.23483
1.23385
1.23269
1.23141
1.23008
1.22876
1.22751
1.22638
1.22539
1.22457
1.2239
1.22339
1.223
1.22274
1.2226
1.2226
1.22272
1.22298
1.22335
1.22376
1.22414
1.22438
1.22435
1.22397
1.22315
1.22186
1.22013
1.21807
1.21585
1.21368
1.2118
1.2104
1.2096
1.20938
1.20966
1.21026
1.21099
1.21169
1.21226
1.21268
1.21298
1.21322
1.21351
1.21389
1.21443
1.21513
1.21599
1.21696
1.21798
1.21892
1.21966
1.22003
1.21984
1.21891
1.21714
1.21454
1.21135
1.20809
1.20553
1.20446
1.20535
1.20811
1.21215
1.21665
1.22088
1.22435
1.22685
1.22833
1.22887
1.22856
1.22752
1.22587
1.22376
1.22139
1.21902
1.21691
1.21535
1.21453
1.21449
1.21511
1.21615
1.21724
1.21802
1.21814
1.2173
1.21533
1.21223
1.20827
1.20409
1.2006
1.19874
1.19907
1.20147
1.20524
1.20947
1.21339
1.21656
1.21886
1.22034
1.22115
1.22144
1.22134
1.22097
1.2204
1.21972
1.21901
1.21836
1.21778
1.21723
1.21655
1.21545
1.2136
1.21071
1.20672
1.20201
1.19746
1.19428
1.19355
1.1956
1.1998
1.20489
1.20957
1.21292
1.21445
1.21409
1.21212
1.2091
1.20585
1.2033
1.20223
1.203
1.20544
1.20898
1.20382
1.20771
1.21119
1.21415
1.21661
1.21863
1.2203
1.22167
1.2228
1.22372
1.22446
1.22504
1.22549
1.22581
1.22601
1.22611
1.2261
1.22597
1.22573
1.22535
1.22481
1.22408
1.22315
1.222
1.22064
1.21912
1.21749
1.21585
1.21432
1.21301
1.21199
1.21129
1.21084
1.21055
1.2103
1.20996
1.20951
1.20896
1.20843
1.20801
1.20777
1.20769
1.20764
1.20739
1.20674
1.20552
1.20365
1.20119
1.1983
1.19526
1.19241
1.19013
1.18873
1.18844
1.18933
1.19131
1.19416
1.1976
1.20134
1.20515
1.20885
1.21234
1.21555
1.21845
1.22103
1.22327
1.22517
1.22671
1.22788
1.22865
1.22902
1.22894
1.2284
1.22736
1.22576
1.22358
1.2208
1.21745
1.21363
1.20955
1.20558
1.20216
1.19977
1.19877
1.19928
1.20111
1.20385
1.20698
1.21004
1.2127
1.21476
1.21616
1.2169
1.21703
1.21666
1.21585
1.2147
1.21328
1.21169
1.20998
1.20823
1.2065
1.20484
1.20331
1.20197
1.20086
1.20002
1.19946
1.19918
1.19916
1.19936
1.19971
1.20013
1.20057
1.20098
1.20135
1.20166
1.20198
1.20233
1.20279
1.20339
1.20416
1.20507
1.2061
1.20719
1.20826
1.20926
1.21014
1.21088
1.21147
1.21191
1.21219
1.21231
1.21223
1.21191
1.21129
1.21032
1.20892
1.20707
1.20477
1.20209
1.19916
1.1962
1.19351
1.19138
1.19011
1.18988
1.19072
1.19252
1.19505
1.19801
1.20114
1.2042
1.20702
1.20949
1.21154
1.21314
1.21428
1.21496
1.21523
1.21512
1.21472
1.21415
1.21351
1.21294
1.21253
1.21236
1.21241
1.21267
1.21307
1.21353
1.21402
1.2145
1.21497
1.21542
1.21588
1.21635
1.21681
1.21728
1.21774
1.21822
1.21874
1.21936
1.2201
1.22097
1.22196
1.22302
1.22406
1.22503
1.22587
1.22657
1.22715
1.22767
1.22818
1.22876
1.22942
1.23016
1.23092
1.2316
1.2321
1.23232
1.23216
1.23155
1.23048
1.22894
1.22697
1.22459
1.22184
1.21872
1.21524
1.21137
1.20713
1.20261
1.19795
1.1934
1.18921
1.18561
1.18278
1.18077
1.17957
1.17914
1.17947
1.18058
1.18253
1.18535
1.18898
1.19326
1.19795
1.20278
1.2075
1.21189
1.2158
1.21914
1.22189
1.22406
1.22568
1.22681
1.2275
1.22782
1.22781
1.22753
1.22702
1.22632
1.22546
1.22444
1.22329
1.222
1.22058
1.21901
1.2173
1.21544
1.21345
1.21138
1.20927
1.20722
1.20536
1.2038
1.20263
1.2019
1.20159
1.2016
1.20181
1.20206
1.20221
1.20214
1.2018
1.20116
1.20028
1.19924
1.19816
1.1972
1.19651
1.1962
1.19633
1.1969
1.19782
1.19893
1.20005
1.20101
1.20163
1.20179
1.20141
1.20043
1.19889
1.19686
1.19445
1.19184
1.18926
1.18696
1.18518
1.18412
1.18393
1.18464
1.18616
1.18832
1.1909
1.19363
1.19628
1.19868
1.2007
1.20226
1.20334
1.20395
1.2041
1.20385
1.20322
1.20229
1.20109
1.19968
1.19812
1.19645
1.19472
1.19297
1.19124
1.18955
1.18794
1.18641
1.185
1.18375
1.1827
1.18191
1.18145
1.18137
1.18169
1.18237
1.18335
1.18454
1.18581
1.18708
1.18825
1.18927
1.19012
1.19079
1.19128
1.19163
1.19186
1.19198
1.19202
1.192
1.19194
1.19184
1.19172
1.19157
1.19139
1.19118
1.19091
1.19058
1.19016
1.18963
1.18898
1.18821
1.18733
1.18635
1.18533
1.18432
1.1834
1.18262
1.18208
1.1818
1.18183
1.18214
1.18272
1.18349
1.18439
1.18535
1.18629
1.18718
1.18798
1.1887
1.18935
1.18996
1.19059
1.19126
1.19203
1.19288
1.19383
1.19485
1.19591
1.19694
1.1979
1.19876
1.19945
1.19997
1.20031
1.20046
1.20045
1.20032
1.20011
1.19987
1.19963
1.19942
1.19922
1.19901
1.19874
1.19833
1.19773
1.19689
1.19579
1.19448
1.19302
1.19863
1.1974
1.19659
1.19639
1.19692
1.19823
1.20024
1.20277
1.20561
1.20855
1.21141
1.21406
1.21644
1.2185
1.22027
1.22178
1.22305
1.22416
1.22513
1.22602
1.22686
1.22769
1.22853
1.22939
1.23028
1.23118
1.23207
1.23294
1.23373
1.2344
1.23489
1.23512
1.23499
1.23442
1.23332
1.23161
1.22925
1.22625
1.2228
1.21935
1.21668
1.21585
1.21774
1.22254
1.22947
1.23704
1.24364
1.2479
1.24882
1.24577
1.23867
1.2285
1.2179
1.21076
1.21015
1.21613
1.22588
1.23611
1.24476
1.25125
1.2558
1.25888
1.26097
1.26243
1.26353
1.26442
1.26518
1.26584
1.26638
1.26673
1.26683
1.26659
1.26596
1.26492
1.2635
1.26177
1.25984
1.25782
1.25578
1.25378
1.25184
1.25003
1.24845
1.24726
1.24658
1.24653
1.24711
1.24825
1.24983
1.25169
1.25366
1.25557
1.25728
1.25863
1.25952
1.25984
1.25958
1.25878
1.25757
1.25612
1.25468
1.25344
1.25259
1.25226
1.25247
1.25322
1.25442
1.25596
1.2577
1.25951
1.26129
1.26294
1.2644
1.26565
1.26666
1.26743
1.26793
1.26815
1.26804
1.26756
1.26668
1.26537
1.26362
1.26144
1.25889
1.25607
1.25311
1.25019
1.2475
1.24524
1.24357
1.2426
1.24234
1.24273
1.24361
1.24481
1.24615
1.24745
1.24857
1.24943
1.24994
1.25009
1.24985
1.24925
1.24833
1.24717
1.24589
1.24462
1.24349
1.2426
1.242
1.24166
1.2415
1.24143
1.24134
1.24117
1.24093
1.24063
1.24034
1.24012
1.23997
1.23987
1.23975
1.23949
1.23894
1.23794
1.2363
1.23386
1.23047
1.22603
1.22055
1.21423
1.20751
1.20115
1.19612
1.19333
1.19334
1.19606
1.2008
1.20656
1.21237
1.21752
1.22164
1.22458
1.22637
1.22714
1.22701
1.22612
1.2246
1.22258
1.22017
1.21754
1.21485
1.21228
1.21006
1.20836
1.20734
1.20705
1.2075
1.20859
1.21018
1.21209
1.21414
1.21615
1.218
1.21956
1.22076
1.22153
1.22183
1.22164
1.22094
1.21974
1.21808
1.21601
1.21363
1.21107
1.20851
1.20619
1.20432
1.20312
1.20275
1.20326
1.20461
1.20668
1.20927
1.21214
1.21509
1.21794
1.22057
1.22292
1.22494
1.22666
1.2281
1.22929
1.23027
1.23107
1.2317
1.23216
1.23244
1.23252
1.23236
1.23193
1.23117
1.23003
1.22847
1.22643
1.22391
1.22092
1.21751
1.21383
1.21006
1.20648
1.20334
1.20087
1.19922
1.1984
1.1983
1.19878
1.19968
1.20086
1.20224
1.20377
1.20543
1.20718
1.209
1.21083
1.21264
1.21438
1.21601
1.21751
1.21884
1.21999
1.22098
1.22182
1.22254
1.22317
1.22377
1.22436
1.22497
1.22562
1.2263
1.22698
1.22763
1.22821
1.22869
1.22906
1.22929
1.2294
1.2294
1.2293
1.22915
1.22897
1.2288
1.22868
1.22867
1.2288
1.2291
1.22959
1.23024
1.23101
1.23178
1.23244
1.23281
1.23273
1.23203
1.23057
1.22824
1.22505
1.22109
1.21661
1.21199
1.20771
1.20421
1.20181
1.2006
1.20045
1.20118
1.20255
1.20443
1.2067
1.2093
1.21214
1.21511
1.21809
1.22096
1.22368
1.22621
1.22857
1.23079
1.23291
1.23493
1.23687
1.23869
1.24037
1.24185
1.24307
1.24396
1.24446
1.24453
1.24415
1.24333
1.2421
1.24053
1.23866
1.23651
1.2341
1.23139
1.22836
1.22505
1.22165
1.21846
1.21592
1.21447
1.21443
1.21591
1.21881
1.22288
1.22779
1.23313
1.23848
1.24343
1.24764
1.25088
1.25298
1.25389
1.25357
1.252
1.24913
1.24491
1.2393
1.2324
1.22456
1.21655
1.20955
1.20485
1.20325
1.20463
1.20801
1.21216
1.21611
1.21943
1.22212
1.22445
1.22676
1.2293
1.23218
1.23538
1.23877
1.2422
1.24548
1.24847
1.25104
1.25308
1.25451
1.25528
1.25535
1.25471
1.25337
1.2514
1.24892
