-7.83801
-7.79754
-7.72002
-7.62901
-7.5253
-7.41237
-7.29314
-7.17964
-7.07624
-6.98967
-6.92595
-6.88716
-6.87205
-6.8802
-6.90499
-6.9399
-6.97906
-7.01836
-7.05223
-7.07959
-7.09839
-7.10931
-7.11169
-7.1062
-7.09531
-7.08341
-7.07045
-7.05962
-7.04904
-7.04598
-7.0482
-7.0611
-7.07871
-7.10535
-7.13746
-7.17465
-7.21127
-7.24563
-7.27787
-7.30592
-7.32349
-7.33272
-7.33686
-7.33132
-7.32251
-7.30716
-7.28991
-7.26859
-7.24762
-7.22837
-7.21021
-7.19505
-7.18193
-7.1746
-7.16837
-7.16192
-7.15981
-7.15798
-7.15825
-7.16263
-7.16649
-7.17631
-7.18599
-7.19668
-7.20747
-7.21819
-7.2276
-7.23277
-7.23782
-7.24124
-7.24196
-7.24212
-7.24003
-7.23397
-7.22904
-7.22482
-7.21999
-7.21388
-7.20866
-7.20368
-7.19825
-7.19478
-7.19317
-7.19286
-7.19359
-7.1958
-7.19803
-7.19983
-7.20121
-7.20218
-7.19905
-7.19208
-7.1827
-7.17097
-7.15799
-7.14715
-7.13533
-7.12466
-7.11907
-7.11707
-7.11802
-7.12186
-7.12957
-7.13333
-7.14087
-7.14677
-7.14902
-7.14905
-7.14713
-7.14067
-7.13625
-7.13049
-7.1248
-7.12162
-7.1229
-7.12861
-7.1391
-7.15605
-7.17767
-7.20332
-7.22793
-7.25213
-7.27474
-7.29341
-7.30747
-7.31555
-7.3221
-7.32001
-7.3103
-7.2981
-7.28278
-7.26583
-7.24701
-7.23099
-7.21336
-7.19927
-7.19253
-7.18902
-7.18865
-7.18896
-7.19487
-7.20223
-7.20508
-7.20504
-7.20256
-7.19812
-7.19324
-7.18693
-7.18082
-7.17268
-7.16361
-7.15544
-7.14813
-7.14097
-7.13905
-7.13736
-7.14178
-7.14609
-7.15415
-7.16481
-7.1764
-7.18966
-7.19868
-7.20849
-7.21136
-7.21127
-7.2062
-7.20013
-7.19142
-7.18125
-7.173
-7.16286
-7.15912
-7.15739
-7.15514
-7.15487
-7.15881
-7.16377
-7.17421
-7.18612
-7.20069
-7.21725
-7.23545
-7.24909
-7.25686
-7.26577
-7.2719
-7.27317
-7.2698
-7.26358
-7.25499
-7.24421
-7.23065
-7.21873
-7.20676
-7.19787
-7.18935
-7.18691
-7.18535
-7.18784
-7.19168
-7.19717
-7.20302
-7.20778
-7.21277
-7.2186
-7.22057
-7.21872
-7.21811
-7.21705
-7.21593
-7.21408
-7.21036
-7.20511
-7.20144
-7.19443
-7.18924
-7.18501
-7.17647
-7.17199
-7.16924
-7.16678
-7.16414
-7.16046
-7.15937
-7.15839
-7.15925
-7.16107
-7.16133
-7.16454
-7.17175
-7.17995
-7.1869
-7.19147
-7.1971
-7.19897
-7.19866
-7.19654
-7.19044
-7.18492
-7.17819
-7.17123
-7.16683
-7.16361
-7.16031
-7.15551
-7.15269
-7.14961
-7.1509
-7.14997
-7.14956
-7.15103
-7.15427
-7.15933
-7.16366
-7.16635
-7.1721
-7.17773
-7.18411
-7.18947
-7.19651
-7.20361
-7.21391
-7.22345
-7.23253
-7.24362
-7.25297
-7.26252
-7.27334
-7.28123
-7.29145
-7.29438
-7.2978
-7.29351
-7.28649
-7.27926
-7.26864
-7.25731
-7.24332
-7.23059
-7.21631
-7.20224
-7.18696
-7.17498
-7.16152
-7.15346
-7.14694
-7.14562
-7.14856
-7.15367
-7.16128
-7.16867
-7.17527
-7.17896
-7.17964
-7.17784
-7.17154
-7.16401
-7.15746
-7.14992
-7.14419
-7.14079
-7.14606
-7.15521
-7.16956
-7.18726
-7.20897
-7.2268
-7.24387
-7.25581
-7.2647
-7.2692
-7.26862
-7.26173
-7.25113
-7.23683
-7.21466
-7.19277
-7.17145
-7.14959
-7.13506
-7.12284
-7.11424
-7.11178
-7.1173
-7.12543
-7.13755
-7.15437
-7.16983
-7.18544
-7.19796
-7.21261
-7.22246
-7.22838
-7.23223
-7.23139
-7.23036
-7.22343
-7.21918
-7.21187
-7.20603
-7.20274
-7.20096
-7.19919
-7.19869
-7.20161
-7.20266
-7.20493
-7.20823
-7.21365
-7.21666
-7.22039
-7.22408
-7.22363
-7.22456
-7.22092
-7.21767
-7.21532
-7.20892
-7.20045
-7.19184
-7.18173
-7.17085
-7.16244
-7.15223
-7.14212
-7.13256
-7.12814
-7.12478
-7.12737
-7.1357
-7.14531
-7.15659
-7.16919
-7.1828
-7.19431
-7.20948
-7.219
-7.22689
-7.23377
-7.23427
-7.23315
-7.22826
-7.22278
-7.21527
-7.20553
-7.19735
-7.18958
-7.18171
-7.17922
-7.17717
-7.18084
-7.18676
-7.19164
-7.19816
-7.20549
-7.21146
-7.21624
-7.21947
-7.21912
-7.20183
-7.15225
-7.05222
-6.92302
-6.84923
-6.88186
-6.98733
-7.10939
-7.1996
-7.22993
-7.20881
-7.16658
-7.12834
-7.09675
-7.07963
-7.06991
-7.05947
-7.03334
-7.00667
-6.99957
-7.00699
-7.00867
-6.99296
-6.96197
-6.91832
-6.87252
-6.83998
-6.83459
-6.85641
-6.89175
-6.91597
-6.92771
-6.91734
-6.88658
-6.83957
-6.78861
-6.74652
-6.71791
-6.70877
-6.71624
-6.74004
-6.77096
-6.80269
-6.83194
-6.85308
-6.87017
-6.87943
-6.8839
-6.88549
-6.8865
-6.88769
-6.89697
-6.91698
-6.95273
-6.99629
-7.03404
-7.06405
-7.08205
-7.08866
-7.08761
-7.07973
-7.06684
-7.05167
-7.03838
-7.02519
-7.01345
-7.00481
-6.99337
-6.9764
-6.96005
-6.94197
-6.92695
-6.91463
-6.90555
-6.90559
-6.9086
-6.91552
-6.92133
-6.92577
-6.92607
-6.92435
-6.91645
-6.90622
-6.89576
-6.89164
-6.89146
-6.89678
-6.90346
-6.91165
-6.92677
-6.94223
-6.95837
-6.97364
-6.98586
-6.99556
-7.00268
-7.00752
-7.00926
-7.00522
-6.99868
-6.98505
-6.96592
-6.94503
-6.92715
-6.91017
-6.89661
-6.88856
-6.8808
-6.87516
-6.87051
-6.87023
-6.87055
-6.87141
-6.87308
-6.87551
-6.88026
-6.8818
-6.88392
-6.88394
-6.88539
-6.88246
-6.87808
-6.87208
-6.86476
-6.86114
-6.85966
-6.8609
-6.86754
-6.88041
-6.8981
-6.92015
-6.94385
-6.9678
-6.99038
-7.00548
-7.02057
-7.02853
-7.03276
-7.03117
-7.02556
-7.01613
-7.00665
-6.99403
-6.97906
-6.96434
-6.94616
-6.93461
-6.92134
-6.91081
-6.90194
-6.89968
-6.8975
-6.89798
-6.90263
-6.90476
-6.9098
-6.91581
-6.9246
-6.93478
-6.94664
-6.95732
-6.96784
-6.97611
-6.97923
-6.97677
-6.96766
-6.95365
-6.93653
-6.91933
-6.90419
-6.89098
-6.88077
-6.87552
-6.87617
-6.88245
-6.89529
-6.91155
-6.931
-6.94715
-6.95875
-6.96221
-6.95602
-6.94798
-6.93529
-6.92063
-6.90616
-6.88811
-6.87644
-6.86832
-6.8626
-6.86147
-6.86316
-6.86895
-6.87464
-6.88434
-6.89361
-6.90672
-6.91827
-6.93251
-6.94698
-6.96165
-6.97494
-6.98542
-6.99292
-6.99556
-6.99229
-6.98482
-6.97154
-6.95317
-6.93083
-6.90949
-6.89285
-6.88008
-6.87356
-6.87586
-6.88449
-6.89743
-6.91397
-6.93006
-6.94814
-6.96262
-6.9729
-6.97869
-6.9827
-6.98233
-6.98079
-6.97737
-6.97597
-6.97154
-6.96881
-6.96835
-6.96896
-6.96966
-6.96722
-6.96383
-6.95092
-6.93485
-6.91528
-6.89156
-6.86654
-6.84443
-6.82398
-6.81516
-6.8136
-6.8213
-6.83259
-6.84752
-6.86317
-6.87443
-6.88205
-6.88507
-6.8864
-6.88581
-6.88711
-6.88902
-6.8906
-6.8957
-6.90554
-6.91776
-6.93128
-6.94265
-6.95063
-6.95653
-6.95727
-6.9538
-6.94882
-6.94344
-6.93828
-6.93248
-6.93418
-6.94075
-6.94947
-6.96129
-6.97197
-6.98345
-6.99234
-6.99917
-7.00223
-7.00401
-7.00206
-6.99576
-6.99026
-6.98399
-6.9764
-6.96881
-6.96022
-6.95338
-6.94949
-6.94961
-6.95132
-6.9534
-6.95506
-6.9557
-6.95977
-6.95977
-6.95932
-6.95749
-6.95191
-6.9442
-6.93336
-6.92158
-6.9091
-6.89366
-6.8749
-6.85598
-6.83768
-6.81989
-6.80365
-6.79403
-6.78778
-6.78671
-6.79518
-6.81284
-6.83732
-6.86668
-6.90173
-6.93424
-6.96396
-6.98892
-7.01051
-7.02395
-7.02913
-7.02451
-7.0105
-6.99189
-6.9671
-6.93945
-6.91398
-6.89429
-6.87892
-6.87083
-6.86457
-6.86132
-6.86573
-6.87468
-6.88529
-6.89691
-6.90885
-6.91687
-6.92197
-6.9191
-6.91051
-6.897
-6.88324
-6.86853
-6.858
-6.85621
-6.86264
-6.87859
-6.90242
-6.93153
-6.95993
-6.98939
-7.01925
-7.04245
-7.06218
-7.07368
-7.08137
-7.0773
-7.06891
-7.05071
-7.0247
-6.99243
-6.95767
-6.92042
-6.88758
-6.85999
-6.83969
-6.8287
-6.83097
-6.84148
-6.85337
-6.86586
-6.87818
-6.88354
-6.88433
-6.87892
-6.87117
-6.86315
-6.85869
-6.8636
-6.87352
-6.89121
-6.91073
-6.92996
-6.94688
-6.95847
-6.96379
-6.95981
-6.95284
-6.94438
-6.93406
-6.93264
-6.93111
-6.93269
-6.9384
-6.94815
-6.95719
-6.964
-6.9667
-6.96726
-6.9581
-6.93922
-6.91555
-6.88775
-6.85776
-6.82836
-6.8026
-6.78266
-6.77061
-6.76975
-6.77299
-6.78305
-6.79455
-6.80729
-6.8196
-6.82767
-6.8332
-6.83559
-6.8332
-6.82569
-6.81372
-6.80065
-6.78914
-6.7785
-6.77162
-6.76665
-6.76377
-6.76498
-6.76966
-6.77744
-6.78592
-6.79683
-6.80658
-6.81091
-6.81527
-6.81584
-6.81268
-6.80983
-6.80414
-6.80254
-6.80177
-6.80544
-6.81107
-6.8215
-6.83222
-6.84333
-6.85257
-6.85867
-6.86142
-6.85633
-6.8448
-6.82866
-6.80849
-6.79136
-6.77492
-6.75973
-6.74963
-6.74581
-6.74879
-6.75509
-6.76746
-6.78397
-6.805
-6.82791
-6.85193
-6.86952
-6.88611
-6.89488
-6.89549
-6.88806
-6.87828
-6.86459
-6.8442
-6.82642
-6.81069
-6.7934
-6.78118
-6.77324
-6.76909
-6.77159
-6.7755
-6.78242
-6.79385
-6.80332
-6.80756
-6.80391
-6.79498
-6.77909
-6.7659
-6.74925
-6.73975
-6.73251
-6.73135
-6.73059
-6.73649
-6.74246
-6.75196
-6.76336
-6.77699
-6.78826
-6.79861
-6.80547
-6.80985
-6.81392
-6.81691
-6.82115
-6.82249
-6.82335
-6.82418
-6.82282
-6.822
-6.82036
-6.81702
-6.8136
-6.81208
-6.81315
-6.81907
-6.82748
-6.8373
-6.8469
-6.8564
-6.8664
-6.8743
-6.88193
-6.88516
-6.88577
-6.88628
-6.88023
-6.87499
-6.8685
-6.86476
-6.86137
-6.85534
-6.84581
-6.83534
-6.82215
-6.80684
-6.79058
-6.77378
-6.75815
-6.74232
-6.72827
-6.71539
-6.70655
-6.70224
-6.70456
-6.71164
-6.72319
-6.73408
-6.75092
-6.7668
-6.77882
-6.78987
-6.80032
-6.80917
-6.81401
-6.81487
-6.8134
-6.80601
-6.79801
-6.78601
-6.77586
-6.76613
-6.76125
-6.75841
-6.76188
-6.76891
-6.77938
-6.79046
-6.80409
-6.82021
-6.84011
-6.86544
-6.89454
-6.92516
-6.95348
-6.97845
-6.99398
-7.00248
-7.00066
-6.98838
-6.96056
-6.92734
-6.89229
-6.85557
-6.82206
-6.79122
-6.76703
-6.74827
-6.73524
-6.72943
-6.73295
-6.74393
-6.76299
-6.78574
-6.80879
-6.83271
-6.85156
-6.86598
-6.87368
-6.87637
-6.87123
-6.86237
-6.85174
-6.83776
-6.81808
-6.79661
-6.77262
-6.75222
-6.73312
-6.71629
-6.7041
-6.69651
-6.69819
-6.70179
-6.71115
-6.72341
-6.73687
-6.75187
-6.76791
-6.78353
-6.80243
-6.81605
-6.82756
-6.83045
-6.83005
-6.82432
-6.81171
-6.79599
-6.77877
-6.76087
-6.74679
-6.74126
-6.74611
-6.75999
-6.78705
-6.82073
-6.8582
-6.89772
-6.93731
-6.96948
-6.99419
-7.00855
-7.01481
-7.00887
-6.99212
-6.96177
-6.92431
-6.87867
-6.83076
-6.78133
-6.73385
-6.69724
-6.67738
-6.67168
-6.67997
-6.70235
-6.73287
-6.75937
-6.7893
-6.81273
-6.83248
-6.84229
-6.84752
-6.84689
-6.84257
-6.83648
-6.82937
-6.82284
-6.81916
-6.8172
-6.81456
-6.81322
-6.81341
-6.81115
-6.80537
-6.7973
-6.78663
-6.77559
-6.76552
-6.75787
-6.7518
-6.75282
-6.75336
-6.7584
-6.76282
-6.76402
-6.7639
-6.76207
-6.76076
-6.76539
-6.77431
-6.78841
-6.80922
-6.83606
-6.86455
-6.88931
-6.90871
-6.92265
-6.92849
-6.92688
-6.9177
-6.90468
-6.88447
-6.85949
-6.83582
-6.81109
-6.7844
-6.7621
-6.74236
-6.72849
-6.72157
-6.72006
-6.72458
-6.73381
-6.7448
-6.75921
-6.77122
-6.78322
-6.79479
-6.80483
-6.8134
-6.81922
-6.82535
-6.82872
-6.8299
-6.82744
-6.82017
-6.80685
-6.79287
-6.77986
-6.76876
-6.76085
-6.75865
-6.76112
-6.76717
-6.77883
-6.79333
-6.80654
-6.82157
-6.83135
-6.83927
-6.84628
-6.84894
-6.84782
-6.8481
-6.8409
-6.83381
-6.82109
-6.80763
-6.79388
-6.78177
-6.777
-6.77862
-6.79056
-6.8095
-6.83427
-6.85732
-6.87746
-6.89417
-6.90204
-6.90193
-6.89571
-6.88602
-6.87154
-6.85457
-6.8364
-6.81757
-6.80077
-6.78526
-6.77136
-6.76405
-6.76202
-6.76733
-6.77944
-6.80173
-6.8293
-6.85842
-6.88654
-6.9154
-6.93524
-6.9487
-6.95219
-6.947
-6.93588
-6.91213
-6.88295
-6.84924
-6.8115
-6.77801
-6.74665
-6.72056
-6.69733
-6.68363
-6.67859
-6.68038
-6.68868
-6.70172
-6.72381
-6.75041
-6.76438
-6.77362
-6.77546
-6.76723
-6.75081
-6.72491
-6.69837
-6.66941
-6.64639
-6.62864
-6.61673
-6.61272
-6.6138
-6.61715
-6.62576
-6.63599
-6.64638
-6.65799
-6.67166
-6.69657
-6.72379
-6.75586
-6.78951
-6.8213
-6.84278
-6.85411
-6.8542
-6.84565
-6.8275
-6.80016
-6.77095
-6.7412
-6.7164
-6.6971
-6.68523
-6.68404
-6.68649
-6.70005
-6.72115
-6.73886
-6.75617
-6.76844
-6.77427
-6.77435
-6.76567
-6.75261
-6.7312
-6.70986
-6.68214
-6.65508
-6.63093
-6.60782
-6.59085
-6.58123
-6.57884
-6.58282
-6.59891
-6.62344
-6.65201
-6.6861
-6.72448
-6.75654
-6.77849
-6.79092
-6.79321
-6.78092
-6.76264
-6.7424
-6.71875
-6.70038
-6.68446
-6.67368
-6.6656
-6.65424
-6.64376
-6.63545
-6.62958
-6.62803
-6.63291
-6.64395
-6.65925
-6.67811
-6.69547
-6.70723
-6.71602
-6.71827
-6.7154
-6.71069
-6.70158
-6.6934
-6.68936
-6.69062
-6.69628
-6.70086
-6.70657
-6.71202
-6.71535
-6.71401
-6.70996
-6.70606
-6.70211
-6.70094
-6.70417
-6.70822
-6.71486
-6.72398
-6.73258
-6.74332
-6.74811
-6.74873
-6.74635
-6.73747
-6.72117
-6.70141
-6.67628
-6.64636
-6.61479
-6.58357
-6.55662
-6.54041
-6.53636
-6.54561
-6.56938
-6.60549
-6.64864
-6.69292
-6.73495
-6.76602
-6.78315
-6.78873
-6.78181
-6.76469
-6.74217
-6.71446
-6.68763
-6.66553
-6.65404
-6.65683
-6.67552
-6.70481
-6.74178
-6.78141
-6.81576
-6.84384
-6.86177
-6.8713
-6.86848
-6.85606
-6.83701
-6.81191
-6.78409
-6.75673
-6.73341
-6.71399
-6.70305
-6.69474
-6.6947
-6.69174
-6.69658
-6.7007
-6.70265
-6.70551
-6.70683
-6.70951
-6.71302
-6.71365
-6.71805
-6.72151
-6.72227
-6.71959
-6.71088
-6.69742
-6.68068
-6.65978
-6.63302
-6.60614
-6.58212
-6.56093
-6.54639
-6.54366
-6.55048
-6.56856
-6.59547
-6.62695
-6.65806
-6.68376
-6.70722
-6.72253
-6.72968
-6.73056
-6.72701
-6.7212
-6.71469
-6.70944
-6.70574
-6.70461
-6.70542
-6.70902
-6.71352
-6.7211
-6.72511
-6.72833
-6.7306
-6.73616
-6.74706
-6.76117
-6.7807
-6.79545
-6.80707
-6.81233
-6.80917
-6.79435
-6.77177
-6.7463
-6.72267
-6.69831
-6.68168
-6.67025
-6.66597
-6.66986
-6.68135
-6.6943
-6.70847
-6.72019
-6.72904
-6.72909
-6.72311
-6.71228
-6.69789
-6.6791
-6.66167
-6.64742
-6.63987
-6.6365
-6.63579
-6.63468
-6.63106
-6.62057
-6.60923
-6.60061
-6.5952
-6.59615
-6.60634
-6.62414
-6.64278
-6.66458
-6.68189
-6.69628
-6.70276
-6.70517
-6.69968
-6.68968
-6.67482
-6.65707
-6.6408
-6.62746
-6.62038
-6.62324
-6.63666
-6.66128
-6.69749
-6.7388
-6.78016
-6.82314
-6.85922
-6.88884
-6.90658
-6.90957
-6.90515
-6.88965
-6.86418
-6.83294
-6.79482
-6.7539
-6.71283
-6.66985
-6.63516
-6.60787
-6.59176
-6.58934
-6.59738
-6.61372
-6.63716
-6.66357
-6.68758
-6.70623
-6.72201
-6.72788
-6.72972
-6.72023
-6.70629
-6.68788
-6.66811
-6.64751
-6.63052
-6.62028
-6.61569
-6.61848
-6.62355
-6.63274
-6.64306
-6.65512
-6.66617
-6.67271
-6.67727
-6.67944
-6.68097
-6.68196
-6.68478
-6.69227
-6.7025
-6.71535
-6.72761
-6.73718
-6.74527
-6.74503
-6.7397
-6.72627
-6.70256
-6.67629
-6.64962
-6.62486
-6.60852
-6.60066
-6.60506
-6.61743
-6.63605
-6.65854
-6.68365
-6.70087
-6.71611
-6.72429
-6.72672
-6.72722
-6.72474
-6.72821
-6.73507
-6.74359
-6.75382
-6.76069
-6.76772
-6.76913
-6.76845
-6.77121
-6.77733
-6.78631
-6.79787
-6.8066
-6.81102
-6.80394
-6.78549
-6.75499
-6.718
-6.67288
-6.63001
-6.5952
-6.57438
-6.57038
-6.58158
-6.60111
-6.62379
-6.64548
-6.66322
-6.67534
-6.67903
-6.67643
-6.66962
-6.65678
-6.64023
-6.62717
-6.61643
-6.60797
-6.60373
-6.60562
-6.613
-6.62274
-6.63626
-6.65043
-6.66089
-6.66996
-6.6767
-6.68109
-6.68263
-6.6832
-6.67762
-6.67361
-6.67279
-6.67486
-6.68092
-6.69159
-6.70756
-6.7247
-6.74424
-6.76316
-6.7817
-6.79934
-6.81107
-6.82104
-6.82417
-6.81878
-6.8109
-6.79878
-6.78575
-6.77446
-6.76404
-6.75738
-6.75152
-6.74952
-6.74889
-6.74863
-6.74975
-6.75371
-6.75368
-6.75085
-6.74567
-6.73955
-6.73075
-6.72678
-6.72655
-6.73244
-6.74155
-6.75678
-6.77499
-6.79199
-6.81118
-6.82218
-6.82224
-6.81981
-6.80472
-6.78984
-6.76625
-6.73923
-6.71084
-6.68493
-6.66595
-6.6544
-6.65205
-6.65738
-6.67139
-6.68808
-6.71251
-6.73559
-6.75245
-6.76662
-6.77216
-6.76664
-6.75088
-6.73084
-6.70717
-6.6903
-6.67941
-6.67904
-6.68795
-6.70288
-6.72138
-6.74113
-6.75931
-6.7729
-6.78528
-6.79374
-6.79763
-6.79806
-6.79595
-6.78898
-6.7757
-6.76317
-6.74738
-6.73337
-6.72475
-6.72008
-6.72597
-6.73862
-6.75508
-6.77177
-6.7847
-6.78677
-6.78199
-6.76529
-6.74169
-6.7123
-6.68347
-6.65841
-6.63955
-6.63394
-6.64193
-6.66424
-6.69526
-6.72957
-6.76362
-6.79041
-6.8082
-6.81784
-6.81657
-6.81212
-6.80178
-6.79242
-6.78469
-6.78076
-6.78074
-6.78218
-6.77894
-6.77494
-6.76758
-6.75633
-6.74143
-6.71978
-6.70108
-6.68271
-6.6686
-6.6611
-6.66421
-6.67455
-6.69737
-6.72628
-6.75863
-6.78856
-6.8137
-6.82858
-6.83635
-6.8312
-6.81748
-6.79463
-6.76925
-6.74785
-6.72781
-6.71787
-6.71344
-6.71316
-6.71267
-6.71254
-6.71398
-6.71894
-6.72291
-6.72763
-6.72867
-6.72592
-6.72175
-6.71437
-6.70806
-6.70485
-6.70334
-6.70256
-6.70192
-6.69937
-6.70029
-6.70599
-6.71373
-6.72395
-6.73627
-6.74769
-6.75424
-6.76003
-6.76583
-6.77511
-6.78289
-6.79375
-6.80101
-6.80762
-6.80787
-6.80067
-6.7913
-6.7762
-6.75822
-6.74473
-6.73095
-6.72349
-6.71629
-6.71164
-6.70608
-6.70404
-6.70118
-6.696
-6.68962
-6.6845
-6.6804
-6.6788
-6.68158
-6.68714
-6.69878
-6.71228
-6.73111
-6.75022
-6.77
-6.78996
-6.81112
-6.82795
-6.84251
-6.85061
-6.84773
-6.83649
-6.81996
-6.79552
-6.76531
-6.73301
-6.70439
-6.68154
-6.6683
-6.66399
-6.66895
-6.67995
-6.698
-6.71883
-6.73835
-6.75393
-6.76616
-6.77405
-6.77407
-6.77129
-6.7684
-6.76807
-6.76846
-6.77066
-6.77201
-6.776
-6.78076
-6.78289
-6.78208
-6.78041
-6.77429
-6.76393
-6.75135
-6.73347
-6.71232
-6.69518
-6.68131
-6.67279
-6.67539
-6.68326
-6.69645
-6.71235
-6.72744
-6.73967
-6.74517
-6.74812
-6.74442
-6.73587
-6.73107
-6.72902
-6.73198
-6.74075
-6.75501
-6.77095
-6.78712
-6.80195
-6.81336
-6.82434
-6.83555
-6.84112
-6.84307
-6.8355
-6.82137
-6.80402
-6.78151
-6.75741
-6.73409
-6.71256
-6.69414
-6.68243
-6.6796
-6.68091
-6.68939
-6.6998
-6.71543
-6.73071
-6.74529
-6.75135
-6.75475
-6.75441
-6.753
-6.751
-6.74669
-6.7465
-6.74447
-6.74751
-6.75182
-6.75308
-6.75701
-6.75754
-6.75464
-6.74907
-6.7403
-6.73259
-6.72565
-6.71868
-6.7146
-6.71016
-6.70605
-6.70486
-6.70568
-6.70784
-6.71267
-6.72155
-6.73247
-6.74496
-6.75728
-6.77111
-6.78173
-6.78704
-6.78564
-6.78299
-6.77763
-6.77145
-6.76377
-6.75714
-6.74771
-6.73793
-6.72707
-6.7152
-6.70285
-6.69626
-6.69182
-6.69211
-6.70075
-6.70916
-6.71775
-6.72696
-6.73626
-6.74362
-6.74808
-6.74994
-6.75142
-6.7552
-6.75793
-6.76765
-6.78429
-6.80262
-6.81977
-6.83056
-6.8308
-6.826
-6.81177
-6.79268
-6.77188
-6.74944
-6.73219
-6.72153
-6.71531
-6.71329
-6.71773
-6.72467
-6.73219
-6.73705
-6.74182
-6.73743
-6.72892
-6.72019
-6.712
-6.70395
-6.70188
-6.70123
-6.70691
-6.71344
-6.721
-6.72872
-6.73541
-6.73902
-6.73777
-6.73334
-6.72296
-6.70806
-6.69397
-6.68091
-6.67336
-6.67269
-6.68093
-6.6978
-6.72167
-6.74809
-6.78012
-6.80831
-6.83218
-6.84736
-6.85176
-6.84618
-6.8312
-6.80881
-6.78329
-6.75996
-6.74036
-6.72717
-6.72285
-6.72605
-6.73121
-6.74098
-6.75514
-6.76674
-6.7792
-6.79248
-6.80534
-6.8145
-6.82091
-6.82482
-6.82471
-6.82038
-6.81007
-6.7987
-6.78337
-6.76597
-6.74552
-6.72021
-6.69608
-6.67348
-6.65261
-6.63386
-6.61306
-6.59664
-6.58138
-6.57471
-6.57055
-6.57812
-6.59145
-6.61022
-6.63478
-6.65837
-6.68303
-6.70246
-6.71708
-6.72603
-6.73184
-6.73191
-6.72925
-6.72299
-6.7143
-6.70674
-6.70141
-6.70054
-6.70872
-6.72153
-6.73812
-6.75641
-6.77277
-6.78836
-6.80092
-6.81012
-6.8099
-6.80533
-6.79233
-6.77456
-6.75099
-6.72222
-6.69331
-6.66432
-6.63853
-6.61913
-6.60659
-6.60035
-6.60326
-6.61668
-6.6319
-6.65122
-6.6699
-6.68547
-6.6941
-6.69577
-6.69429
-6.6866
-6.68062
-6.6754
-6.67466
-6.68014
-6.69425
-6.71643
-6.74125
-6.76414
-6.78866
-6.80847
-6.81997
-6.82811
-6.82954
-6.82575
-6.81578
-6.80478
-6.79006
-6.77411
-6.75279
-6.72781
-6.69853
-6.66654
-6.6336
-6.6011
-6.57016
-6.54406
-6.52654
-6.52156
-6.53113
-6.55315
-6.58582
-6.62288
-6.66137
-6.6998
-6.73239
-6.7579
-6.77492
-6.77877
-6.77711
-6.76842
-6.75785
-6.7426
-6.72731
-6.71716
-6.71118
-6.70859
-6.70597
-6.7044
-6.70537
-6.70727
-6.7105
-6.71907
-6.73078
-6.74613
-6.75956
-6.77036
-6.77779
-6.77721
-6.773
-6.76158
-6.74532
-6.72805
-6.71033
-6.69863
-6.69083
-6.68655
-6.68752
-6.69015
-6.69233
-6.69361
-6.69236
-6.69523
-6.69772
-6.701
-6.70382
-6.70611
-6.70518
-6.69843
-6.68536
-6.66742
-6.64685
-6.62773
-6.60916
-6.6019
-6.60554
-6.6196
-6.63975
-6.66135
-6.68211
-6.70045
-6.71352
-6.72095
-6.72538
-6.72745
-6.73014
-6.73114
-6.73155
-6.73224
-6.73319
-6.73367
-6.73422
-6.73517
-6.73541
-6.73075
-6.72567
-6.71651
-6.70657
-6.69698
-6.69068
-6.68769
-6.69028
-6.69683
-6.70849
-6.72231
-6.7357
-6.74523
-6.75434
-6.75866
-6.76127
-6.76389
-6.764
-6.7635
-6.76043
-6.76026
-6.75785
-6.75673
-6.75196
-6.7451
-6.73522
-6.7258
-6.71447
-6.70002
-6.68723
-6.67316
-6.65696
-6.64242
-6.63098
-6.62602
-6.62325
-6.62305
-6.63003
-6.63899
-6.65416
-6.66837
-6.68652
-6.7022
-6.71901
-6.73144
-6.74241
-6.75179
-6.7559
-6.75794
-6.75504
-6.74691
-6.73433
-6.71506
-6.69522
-6.67374
-6.65348
-6.63835
-6.62735
-6.62572
-6.62946
-6.63438
-6.64511
-6.65902
-6.67135
-6.68405
-6.69272
-6.69889
-6.70373
-6.70456
-6.70476
-6.70533
-6.70672
-6.71188
-6.71599
-6.71954
-6.72116
-6.71992
-6.71748
-6.71117
-6.70779
-6.70635
-6.71258
-6.72049
-6.73371
-6.74768
-6.76436
-6.77764
-6.78725
-6.79294
-6.7931
-6.78721
-6.77591
-6.76339
-6.74838
-6.73576
-6.72368
-6.71568
-6.7103
-6.70963
-6.71185
-6.71234
-6.71268
-6.70832
-6.70271
-6.69891
-6.68842
-6.68101
-6.67704
-6.67233
-6.67029
-6.67292
-6.67597
-6.67836
-6.68106
-6.68368
-6.68838
-6.69035
-6.69116
-6.69332
-6.69839
-6.70291
-6.70569
-6.70833
-6.70967
-6.70329
-6.69615
-6.68627
-6.67578
-6.66602
-6.65896
-6.65424
-6.65433
-6.65581
-6.66293
-6.67396
-6.6881
-6.70024
-6.70938
-6.71659
-6.71655
-6.71272
-6.70438
-6.69382
-6.68323
-6.67535
-6.66964
-6.66584
-6.66398
-6.66197
-6.65965
-6.65625
-6.65487
-6.65111
-6.64692
-6.64475
-6.64269
-6.64686
-6.65421
-6.66155
-6.67492
-6.69066
-6.71279
-6.73609
-6.75318
-6.76985
-6.78229
-6.78527
-6.78534
-6.77956
-6.77107
-6.76135
-6.75361
-6.74872
-6.74529
-6.74398
-6.73859
-6.73448
-6.72702
-6.71462
-6.70256
-6.69062
-6.68401
-6.67796
-6.67843
-6.6798
-6.68234
-6.68461
-6.68716
-6.68567
-6.68442
-6.68217
-6.68229
-6.68222
-6.69178
-6.70574
-6.71991
-6.73444
-6.74515
-6.7563
-6.76466
-6.76535
-6.76069
-6.74926
-6.73697
-6.72272
-6.713
-6.70675
-6.70419
-6.70208
-6.70335
-6.7049
-6.70221
-6.69732
-6.68895
-6.67873
-6.66516
-6.65311
-6.64521
-6.63821
-6.63699
-6.63963
-6.64861
-6.65745
-6.66377
-6.66798
-6.6686
-6.66574
-6.66546
-6.66824
-6.67486
-6.68591
-6.69678
-6.70528
-6.71218
-6.71905
-6.72565
-6.73747
-6.7481
-6.76198
-6.77633
-6.78632
-6.79153
-6.79358
-6.78962
-6.78433
-6.77659
-6.77111
-6.76423
-6.75771
-6.7541
-6.7529
-6.75583
-6.7626
-6.77316
-6.78641
-6.79743
-6.80562
-6.807
-6.80063
-6.78968
-6.77173
-6.75494
-6.7345
-6.71155
-6.6889
-6.66632
-6.64095
-6.61823
-6.59544
-6.57925
-6.57248
-6.57491
-6.59143
-6.61866
-6.65545
-6.69126
-6.72906
-6.76077
-6.78396
-6.79751
-6.79983
-6.79618
-6.78401
-6.76946
-6.75493
-6.74391
-6.7366
-6.73711
-6.74235
-6.74801
-6.7535
-6.75387
-6.75188
-6.74717
-6.74052
-6.73243
-6.72048
-6.70576
-6.68914
-6.66903
-6.65207
-6.63515
-6.62669
-6.62292
-6.6273
-6.63847
-6.65761
-6.6787
-6.69957
-6.71763
-6.73015
-6.74249
-6.75295
-6.76102
-6.77064
-6.78135
-6.79091
-6.80037
-6.80788
-6.81156
-6.80651
-6.79845
-6.78566
-6.77018
-6.75138
-6.73418
-6.72227
-6.71513
-6.71421
-6.71256
-6.71264
-6.71181
-6.70884
-6.70836
-6.70581
-6.70416
-6.70482
-6.70707
-6.7076
-6.70713
-6.70212
-6.69299
-6.68273
-6.67113
-6.66298
-6.66022
-6.65985
-6.6656
-6.6733
-6.68429
-6.69197
-6.69925
-6.70242
-6.70479
-6.70488
-6.70367
-6.70564
-6.70842
-6.71305
-6.71835
-6.72716
-6.73655
-6.74603
-6.75492
-6.76297
-6.77046
-6.77725
-6.78211
-6.78595
-6.78606
-6.78267
-6.77358
-6.76232
-6.74559
-6.72768
-6.71157
-6.69725
-6.68377
-6.67419
-6.66807
-6.6669
-6.66359
-6.65792
-6.65372
-6.65171
-6.65031
-6.65112
-6.6622
-6.67928
-6.70299
-6.73334
-6.76269
-6.78814
-6.80122
-6.80446
-6.80159
-6.79247
-6.78232
-6.77326
-6.76538
-6.76187
-6.75731
-6.75832
-6.75639
-6.75439
-6.74992
-6.74582
-6.74449
-6.74561
-6.75367
-6.75878
-6.76652
-6.77116
-6.77312
-6.77122
-6.76007
-6.74424
-6.72232
-6.69609
-6.66848
-6.64194
-6.62154
-6.61015
-6.60913
-6.61888
-6.63751
-6.66267
-6.68991
-6.71976
-6.7471
-6.7666
-6.77728
-6.77724
-6.77019
-6.75337
-6.73145
-6.70717
-6.67946
-6.65555
-6.63959
-6.63131
-6.63228
-6.64184
-6.6578
-6.67864
-6.69755
-6.71721
-6.73531
-6.75074
-6.76779
-6.78206
-6.79478
-6.81161
-6.82922
-6.84469
-6.85603
-6.8656
-6.8706
-6.8708
-6.86819
-6.85745
-6.84525
-6.82714
-6.80615
-6.7789
-6.74961
-6.7211
-6.69606
-6.67345
-6.65726
-6.64836
-6.64148
-6.64121
-6.64424
-6.65161
-6.66205
-6.67874
-6.7
-6.72326
-6.74713
-6.76931
-6.78816
-6.80221
-6.81073
-6.81232
-6.80614
-6.79274
-6.77852
-6.76182
-6.74691
-6.73069
-6.71632
-6.70517
-6.69511
-6.69215
-6.68927
-6.68732
-6.68632
-6.6852
-6.68724
-6.68927
-6.69025
-6.68841
-6.6829
-6.67706
-6.66842
-6.65842
-6.64937
-6.6438
-6.64488
-6.65013
-6.6547
-6.65827
-6.66086
-6.66217
-6.66088
-6.66192
-6.66284
-6.66609
-6.67266
-6.68246
-6.69557
-6.71163
-6.72738
-6.74202
-6.75883
-6.77107
-6.77787
-6.78083
-6.77626
-6.76901
-6.75685
-6.74616
-6.73899
-6.73865
-6.74395
-6.75249
-6.7629
-6.77392
-6.78119
-6.78756
-6.78751
-6.78514
-6.77775
-6.76541
-6.75353
-6.74342
-6.73714
-6.73278
-6.73264
-6.73419
-6.73147
-6.7234
-6.70968
-6.68945
-6.66992
-6.65065
-6.63489
-6.62413
-6.6219
-6.62494
-6.63875
-6.66086
-6.68854
-6.7151
-6.74422
-6.76735
-6.78658
-6.79746
-6.80427
-6.80003
-6.79341
-6.78396
-6.77501
-6.76545
-6.75934
-6.75712
-6.75486
-6.75292
-6.75015
-6.74383
-6.73343
-6.71476
-6.69263
-6.66397
-6.63665
-6.61773
-6.60957
-6.61525
-6.63089
-6.65781
-6.68995
-6.71927
-6.7463
-6.767
-6.77975
-6.78392
-6.78503
-6.78036
-6.77595
-6.77146
-6.76471
-6.75602
-6.74411
-6.72982
-6.7158
-6.69942
-6.68127
-6.66602
-6.65396
-6.65179
-6.65417
-6.66388
-6.68064
-6.69644
-6.71479
-6.72948
-6.74031
-6.74923
-6.75046
-6.74666
-6.74177
-6.73477
-6.72894
-6.72628
-6.72887
-6.73729
-6.75125
-6.76841
-6.78687
-6.80336
-6.81481
-6.81795
-6.81454
-6.80062
-6.77904
-6.75052
-6.72106
-6.69121
-6.66543
-6.63631
-6.61438
-6.60303
-6.60066
-6.60928
-6.6265
-6.64857
-6.66404
-6.67606
-6.68191
-6.68579
-6.68416
-6.67833
-6.67481
-6.67303
-6.67599
-6.67716
-6.67845
-6.68168
-6.6847
-6.68502
-6.68017
-6.67508
-6.6674
-6.65635
-6.64495
-6.6383
-6.63449
-6.63701
-6.64097
-6.64555
-6.6536
-6.6577
-6.65935
-6.65838
-6.6573
-6.65571
-6.65674
-6.65757
-6.65865
-6.66458
-6.66921
-6.67899
-6.68695
-6.69144
-6.68856
-6.68324
-6.67057
-6.65204
-6.62665
-6.6019
-6.57725
-6.55737
-6.54404
-6.53862
-6.54531
-6.56393
-6.58878
-6.62138
-6.65997
-6.70136
-6.74037
-6.77352
-6.79865
-6.80867
-6.80918
-6.79901
-6.78069
-6.75651
-6.72974
-6.70491
-6.6853
-6.66889
-6.65314
-6.6404
-6.62757
-6.61526
-6.60228
-6.59176
-6.58407
-6.57954
-6.58196
-6.58651
-6.59471
-6.60138
-6.60386
-6.6037
-6.59954
-6.59683
-6.59327
-6.59312
-6.59614
-6.60324
-6.61419
-6.62739
-6.64293
-6.66349
-6.68701
-6.70937
-6.7333
-6.75516
-6.77016
-6.78089
-6.7855
-6.78204
-6.77188
-6.75762
-6.74184
-6.72618
-6.71344
-6.70343
-6.69994
-6.69852
-6.69929
-6.70124
-6.69815
-6.69292
-6.68259
-6.6677
-6.65007
-6.63524
-6.62531
-6.62165
-6.62213
-6.62496
-6.63011
-6.63897
-6.64887
-6.65962
-6.67222
-6.68645
-6.69967
-6.71307
-6.72033
-6.72544
-6.72305
-6.71835
-6.70554
-6.68772
-6.66719
-6.64204
-6.61338
-6.58695
-6.56441
-6.55082
-6.54383
-6.54223
-6.54999
-6.56586
-6.587
-6.61219
-6.63835
-6.66381
-6.68871
-6.70632
-6.71865
-6.72859
-6.73278
-6.72958
-6.72408
-6.71252
-6.6978
-6.67919
-6.65944
-6.64192
-6.6266
-6.61755
-6.61558
-6.6224
-6.63478
-6.65572
-6.68523
-6.71509
-6.74159
-6.75912
-6.76704
-6.76114
-6.74571
-6.71888
-6.68558
-6.65594
-6.63135
-6.61814
-6.61684
-6.62131
-6.63203
-6.64864
-6.66578
-6.68113
-6.69543
-6.70635
-6.71488
-6.72304
-6.73016
-6.73751
-6.74336
-6.74482
-6.73721
-6.71661
-6.68323
-6.64097
-6.59632
-6.55737
-6.52682
-6.51307
-6.5163
-6.53403
-6.55687
-6.57987
-6.60546
-6.6329
-6.65958
-6.68024
-6.69889
-6.71474
-6.72343
-6.73185
-6.73647
-6.74295
-6.74635
-6.74714
-6.74561
-6.73785
-6.72799
-6.7182
-6.71075
-6.70053
-6.68991
-6.6839
-6.68179
-6.68924
-6.69747
-6.70719
-6.72389
-6.73512
-6.74305
-6.74547
-6.74033
-6.73233
-6.71922
-6.7011
-6.68239
-6.66347
-6.64199
-6.6233
-6.60545
-6.59499
-6.58998
-6.58973
-6.59432
-6.60374
-6.6172
-6.63475
-6.65121
-6.66473
-6.68056
-6.69191
-6.70299
-6.70741
-6.70678
-6.70057
-6.69187
-6.67739
-6.66227
-6.64466
-6.62901
-6.61792
-6.61479
-6.62143
-6.63239
-6.65048
-6.66973
-6.68818
-6.70487
-6.71669
-6.72592
-6.72604
-6.72104
-6.71478
-6.70329
-6.69318
-6.68332
-6.67328
-6.66661
-6.66328
-6.66337
-6.66857
-6.67549
-6.68847
-6.70211
-6.71265
-6.71937
-6.7224
-6.71682
-6.70951
-6.69431
-6.68138
-6.66811
-6.65668
-6.64566
-6.63315
-6.62457
-6.61835
-6.61444
-6.61334
-6.60888
-6.60869
-6.60791
-6.60769
-6.61268
-6.61852
-6.63345
-6.65056
-6.66973
-6.68627
-6.69909
-6.70887
-6.71837
-6.72729
-6.73625
-6.7472
-6.7566
-6.76499
-6.76664
-6.76318
-6.75518
-6.74183
-6.7272
-6.71006
-6.6924
-6.67268
-6.65364
-6.64103
-6.63313
-6.63363
-6.63927
-6.64966
-6.65662
-6.66149
-6.6546
-6.64556
-6.62982
-6.61397
-6.60409
-6.60624
-6.62059
-6.6485
-6.68927
-6.73426
-6.77432
-6.80466
-6.82512
-6.83138
-6.82064
-6.79906
-6.77021
-6.73311
-6.69076
-6.64992
-6.61279
-6.58577
-6.56938
-6.56443
-6.56954
-6.5844
-6.60165
-6.62032
-6.63254
-6.64149
-6.64035
-6.63209
-6.6198
-6.59992
-6.5829
-6.56845
-6.55824
-6.55349
-6.55404
-6.56151
-6.57493
-6.59022
-6.6131
-6.63875
-6.66326
-6.68369
-6.69794
-6.70865
-6.71389
-6.71834
-6.72478
-6.73069
-6.73823
-6.7492
-6.76021
-6.76869
-6.77088
-6.76644
-6.75588
-6.73945
-6.7166
-6.68324
-6.65346
-6.61974
-6.58713
-6.56446
-6.55182
-6.55057
-6.56477
-6.58812
-6.62169
-6.65983
-6.69586
-6.72911
-6.76141
-6.78346
-6.79492
-6.79881
-6.79291
-6.77809
-6.75568
-6.72673
-6.69865
-6.67866
-6.67018
-6.67083
-6.68252
-6.70109
-6.72032
-6.73542
-6.74185
-6.73751
-6.72219
-6.69948
-6.67634
-6.65693
-6.64331
-6.63697
-6.63863
-6.64547
-6.65296
-6.65898
-6.66054
-6.65828
-6.65691
-6.65244
-6.64539
-6.64066
-6.63864
-6.6363
-6.64152
-6.65606
-6.67545
-6.69875
-6.72195
-6.74079
-6.75477
-6.76156
-6.76193
-6.75535
-6.74721
-6.73679
-6.72187
-6.70729
-6.69237
-6.68135
-6.67162
-6.67185
-6.67698
-6.69136
-6.71029
-6.73493
-6.76535
-6.79184
-6.81323
-6.81975
-6.81584
-6.79677
-6.76806
-6.72845
-6.68751
-6.64867
-6.61912
-6.60386
-6.59906
-6.60396
-6.61615
-6.6341
-6.65247
-6.66875
-6.68579
-6.70116
-6.71256
-6.71847
-6.72055
-6.71252
-6.69641
-6.67571
-6.65268
-6.63025
-6.60926
-6.59135
-6.5794
-6.57706
-6.58256
-6.60041
-6.62593
-6.65936
-6.69438
-6.72391
-6.75209
-6.7688
-6.78116
-6.78368
-6.78319
-6.77752
-6.77001
-6.75975
-6.75013
-6.73502
-6.71316
-6.69105
-6.66909
-6.6489
-6.63102
-6.62141
-6.61665
-6.61948
-6.62789
-6.64505
-6.67449
-6.71323
-6.75265
-6.78945
-6.8122
-6.81776
-6.81057
-6.79018
-6.75928
-6.72378
-6.68887
-6.6639
-6.64643
-6.63497
-6.63398
-6.63745
-6.64494
-6.65104
-6.65459
-6.66016
-6.66646
-6.67439
-6.68242
-6.69149
-6.70021
-6.71188
-6.71877
-6.72503
-6.72639
-6.72277
-6.71881
-6.71515
-6.71328
-6.71199
-6.70631
-6.69929
-6.68848
-6.6767
-6.66992
-6.66806
-6.67874
-6.69926
-6.72141
-6.74449
-6.76536
-6.7768
-6.77998
-6.7749
-6.76636
-6.75557
-6.74333
-6.72798
-6.70901
-6.69033
-6.67311
-6.6585
-6.64473
-6.63813
-6.63905
-6.64582
-6.65709
-6.66544
-6.66967
-6.66638
-6.65732
-6.64851
-6.64477
-6.64522
-6.65642
-6.67651
-6.70226
-6.72712
-6.7465
-6.75737
-6.76303
-6.75948
-6.74503
-6.731
-6.71091
-6.69505
-6.68393
-6.6787
-6.68072
-6.6844
-6.69388
-6.70685
-6.72193
-6.73649
-6.75076
-6.76389
-6.77734
-6.78925
-6.80074
-6.8059
-6.80058
-6.78781
-6.76596
-6.73924
-6.70764
-6.67655
-6.64541
-6.62016
-6.59849
-6.58418
-6.57696
-6.57643
-6.58034
-6.58535
-6.5926
-6.60248
-6.61189
-6.61826
-6.62243
-6.62589
-6.62623
-6.6276
-6.6332
-6.6398
-6.65583
-6.67883
-6.70246
-6.72835
-6.75234
-6.7686
-6.77821
-6.77993
-6.77001
-6.75192
-6.72896
-6.70247
-6.68174
-6.66814
-6.66354
-6.67258
-6.68851
-6.70866
-6.72397
-6.73741
-6.745
-6.7508
-6.75192
-6.75204
-6.75318
-6.7484
-6.74194
-6.73347
-6.7222
-6.70459
-6.68635
-6.67231
-6.66209
-6.6567
-6.65354
-6.65263
-6.65374
-6.66066
-6.66729
-6.67156
-6.67527
-6.67824
-6.67981
-6.67682
-6.674
-6.67099
-6.6751
-6.68439
-6.6922
-6.6981
-6.69722
-6.6952
-6.68786
-6.67726
-6.66645
-6.65909
-6.65152
-6.64939
-6.64737
-6.65074
-6.66177
-6.6766
-6.6949
-6.71003
-6.72117
-6.72783
-6.72862
-6.7218
-6.71342
-6.70198
-6.69222
-6.68334
-6.67475
-6.66816
-6.66715
-6.66926
-6.67957
-6.69233
-6.71254
-6.7312
-6.74956
-6.76436
-6.77249
-6.7706
-6.75994
-6.74241
-6.72712
-6.71461
-6.70468
-6.70507
-6.7106
-6.72075
-6.7315
-6.73877
-6.74224
-6.73764
-6.73008
-6.71847
-6.71008
-6.70374
-6.7016
-6.69919
-6.69897
-6.69859
-6.69784
-6.6924
-6.68737
-6.68162
-6.67851
-6.6739
-6.6705
-6.66894
-6.67068
-6.67503
-6.67897
-6.68432
-6.69306
-6.69942
-6.7058
-6.70509
-6.70191
-6.6968
-6.68821
-6.67916
-6.66715
-6.65535
-6.64453
-6.63944
-6.63793
-6.64229
-6.65094
-6.66171
-6.67308
-6.68415
-6.69587
-6.70354
-6.71106
-6.7152
-6.71798
-6.71542
-6.71122
-6.7068
-6.70585
-6.70728
-6.71845
-6.73451
-6.75409
-6.77302
-6.78738
-6.79767
-6.79732
-6.78829
-6.7691
-6.7403
-6.70945
-6.67639
-6.64477
-6.61851
-6.60059
-6.59307
-6.59926
-6.61596
-6.64653
-6.68499
-6.7288
-6.77281
-6.80936
-6.83654
-6.85382
-6.85558
-6.84565
-6.82586
-6.79361
-6.75715
-6.7231
-6.69224
-6.67044
-6.6593
-6.66147
-6.67255
-6.69045
-6.71363
-6.73516
-6.75542
-6.77066
-6.77615
-6.77015
-6.75986
-6.74061
-6.71962
-6.69637
-6.67811
-6.66354
-6.65343
-6.64929
-6.65364
-6.66351
-6.67624
-6.69198
-6.70957
-6.72455
-6.73758
-6.74733
-6.75631
-6.7578
-6.75984
-6.75833
-6.75193
-6.74276
-6.7259
-6.70596
-6.68597
-6.66643
-6.65382
-6.64658
-6.64885
-6.65692
-6.6687
-6.68203
-6.695
-6.70928
-6.71913
-6.7233
-6.72263
-6.72177
-6.71642
-6.71395
-6.71506
-6.71859
-6.7261
-6.73716
-6.74713
-6.75326
-6.75326
-6.74857
-6.73977
-6.72765
-6.71115
-6.6962
-6.68422
-6.67763
-6.68082
-6.69512
-6.72177
-6.75352
-6.79135
-6.82284
-6.84669
-6.86192
-6.86473
-6.85739
-6.84226
-6.81894
-6.7944
-6.7685
-6.7407
-6.7128
-6.6859
-6.66314
-6.64355
-6.62967
-6.62214
-6.624
-6.62937
-6.64219
-6.65866
-6.67846
-6.69636
-6.71001
-6.71987
-6.72262
-6.71578
-6.70026
-6.67857
-6.65258
-6.62688
-6.60479
-6.59005
-6.58225
-6.58451
-6.59044
-6.60154
-6.61194
-6.62586
-6.6462
-6.66883
-6.69539
-6.72272
-6.74978
-6.77185
-6.7894
-6.80183
-6.81053
-6.81404
-6.81391
-6.80853
-6.8007
-6.79138
-6.7846
-6.77753
-6.77307
-6.77023
-6.76521
-6.76114
-6.75884
-6.76028
-6.76389
-6.77178
-6.77942
-6.78594
-6.79181
-6.79535
-6.793
-6.78531
-6.77091
-6.75345
-6.73076
-6.70852
-6.68577
-6.66512
-6.64887
-6.63782
-6.63041
-6.63111
-6.64088
-6.65517
-6.67153
-6.68887
-6.70501
-6.71913
-6.73078
-6.74049
-6.74562
-6.75077
-6.75103
-6.75163
-6.74739
-6.74207
-6.7353
-6.72668
-6.71571
-6.70236
-6.68695
-6.67066
-6.65384
-6.63874
-6.63052
-6.62161
-6.61915
-6.62616
-6.639
-6.65596
-6.67793
-6.70478
-6.73335
-6.75848
-6.78406
-6.80268
-6.81487
-6.81947
-6.81742
-6.80682
-6.79432
-6.78234
-6.77196
-6.7696
-6.77107
-6.7764
-6.77978
-6.7821
-6.7763
-6.76935
-6.76031
-6.75048
-6.7399
-6.73269
-6.72849
-6.7236
-6.72096
-6.7155
-6.70888
-6.70179
-6.69001
-6.67754
-6.66339
-6.65301
-6.64375
-6.63306
-6.63005
-6.63164
-6.63865
-6.65029
-6.66656
-6.68559
-6.70344
-6.71838
-6.72946
-6.73222
-6.72866
-6.71946
-6.70342
-6.6858
-6.6661
-6.6488
-6.64128
-6.64405
-6.65416
-6.67029
-6.69021
-6.71083
-6.72764
-6.73764
-6.74353
-6.74083
-6.73547
-6.72952
-6.72406
-6.72255
-6.72561
-6.73136
-6.74317
-6.7589
-6.77747
-6.794
-6.80575
-6.80827
-6.79953
-6.78176
-6.75545
-6.7231
-6.69196
-6.66051
-6.63418
-6.6146
-6.60346
-6.60443
-6.61745
-6.64454
-6.6836
-6.72547
-6.77011
-6.80812
-6.83879
-6.85817
-6.86554
-6.86378
-6.85429
-6.83878
-6.82028
-6.7991
-6.77694
-6.7561
-6.73629
-6.71796
-6.70017
-6.68479
-6.67511
-6.67235
-6.67598
-6.68345
-6.69197
-6.70195
-6.71185
-6.71862
-6.71986
-6.7132
-6.70286
-6.68782
-6.66897
-6.65022
-6.63105
-6.61605
-6.6091
-6.60879
-6.61494
-6.62496
-6.64015
-6.65831
-6.67924
-6.70053
-6.71877
-6.7365
-6.75282
-6.76407
-6.77023
-6.77611
-6.77608
-6.77247
-6.76679
-6.75805
-6.74515
-6.73136
-6.71846
-6.70209
-6.68694
-6.67939
-6.67914
-6.68932
-6.70479
-6.72698
-6.75662
-6.7883
-6.81837
-6.84435
-6.8655
-6.88076
-6.88607
-6.88072
-6.86703
-6.84378
-6.81155
-6.77142
-6.73181
-6.69106
-6.6593
-6.63529
-6.61893
-6.6116
-6.61242
-6.61955
-6.63024
-6.64413
-6.65936
-6.67381
-6.68558
-6.69352
-6.69021
-6.68251
-6.66746
-6.65021
-6.62996
-6.61449
-6.60419
-6.60035
-6.60372
-6.61375
-6.6278
-6.64387
-6.6584
-6.6745
-6.68472
-6.69066
-6.69279
-6.68999
-6.68386
-6.67584
-6.6725
-6.67214
-6.67575
-6.68418
-6.69653
-6.70462
-6.71289
