           1     7.60489     7.60489           0
           2      7.5576     7.58125   0.0236424
           3     7.59984     7.58745   0.0149917
           4      7.5637     7.58151   0.0121504
           5      7.5558     7.57637   0.0107243
           6     7.59553     7.57956  0.00932079
           7     7.51788     7.57075   0.0118194
           8     7.61994      7.5769   0.0119404
           9     7.58562     7.57787    0.010575
          10     7.54254     7.57434   0.0100967
          11      7.6268      7.5791   0.0103031
          12     7.56783     7.57817  0.00945223
          13     7.57033     7.57756  0.00871564
          14     7.57742     7.57755  0.00806912
          15     7.61594     7.58011  0.00793591
          16      7.5973     7.58119  0.00750073
          17     7.57358     7.58074  0.00705991
          18     7.64469     7.58429  0.00754512
          19     7.56624     7.58334  0.00719991
          20     7.59911     7.58413  0.00687581
          21     7.56781     7.58335  0.00658619
          22     7.59714     7.58398  0.00631089
          23     7.59036     7.58426  0.00603665
          24     7.62016     7.58575  0.00597015
          25     7.60017     7.58633  0.00575532
          26     7.65486     7.58897  0.00612565
          27     7.58367     7.58877  0.00589767
          28     7.61459     7.58969  0.00575746
          29      7.6347     7.59124  0.00576808
          30     7.62616     7.59241  0.00569271
          31     7.55973     7.59135  0.00560601
          32     7.58516     7.59116  0.00543144
          33     7.61697     7.59194  0.00532209
          34     7.62064     7.59279  0.00523172
          35     7.62693     7.59376  0.00517285
          36     7.61056     7.59423  0.00504871
          37     7.59822     7.59434  0.00491155
          38     7.69144     7.59689  0.00542065
          39     7.63635      7.5979  0.00537591
          40     7.53255     7.59627  0.00548861
          41     7.61112     7.59663   0.0053653
          42     7.59846     7.59668  0.00523618
          43     7.58748     7.59646  0.00511743
          44     7.60999     7.59677  0.00500922
          45     7.61195     7.59711  0.00490824
          46      7.5853     7.59685  0.00480721
          47     7.57669     7.59642  0.00472332
          48       7.593     7.59635  0.00462442
          49     7.54229     7.59525   0.0046615
          50     7.55427     7.59443  0.00464025
          51     7.53845     7.59333  0.00467891
          52     7.54458     7.59239  0.00468284
          53     7.58834     7.59232  0.00459427
          54     7.57222     7.59194  0.00452373
          55     7.57133     7.59157   0.0044565
          56     7.63993     7.59243   0.0044606
          57     7.64126     7.59329   0.0044646
          58      7.6148     7.59366   0.0044026
          59     7.60304     7.59382  0.00433026
          60     7.61974     7.59425  0.00427935
          61     7.61918     7.59466  0.00422841
          62     7.61534     7.59499  0.00417301
          63     7.58542     7.59484  0.00410905
          64     7.56194     7.59433  0.00407687
          65      7.6068     7.59452  0.00401824
          66     7.57021     7.59415    0.003974
          67     7.62295     7.59458  0.00393776
          68     7.60236     7.59469  0.00388111
          69     7.61219     7.59495  0.00383284
          70     7.61111     7.59518  0.00378473
          71     7.61882     7.59551  0.00374588
          72     7.55202     7.59491  0.00374257
          73      7.5837     7.59475  0.00369414
          74       7.632     7.59526  0.00367847
          75     7.62631     7.59567  0.00365263
          76     7.59506     7.59566  0.00360425
          77     7.60614      7.5958  0.00355974
          78     7.57571     7.59554  0.00352324
          79     7.58045     7.59535  0.00348359
          80     7.61296     7.59557  0.00344681
          81     7.58816     7.59548  0.00340522
          82     7.58723     7.59538  0.00336494
          83     7.66201     7.59618  0.00341972
          84     7.58986     7.59611   0.0033796
          85      7.5896     7.59603  0.00334048
          86     7.57681     7.59581  0.00330897
          87     7.57704     7.59559  0.00327781
          88     7.60028     7.59564  0.00324079
          89     7.52482     7.59485  0.00330152
          90     7.64118     7.59536  0.00330497
          91     7.59783     7.59539  0.00326856
          92     7.60035     7.59544  0.00323329
          93     7.60218     7.59552  0.00319915
          94     7.61163     7.59569  0.00316957
          95      7.5919     7.59565  0.00313629
          96     7.57627     7.59545     0.00311
          97     7.57161      7.5952  0.00308757
          98     7.61849     7.59544  0.00306513
          99     7.65954     7.59609  0.00310232
         100     7.59995     7.59612  0.00307139
