           0           0
           0           0
           0           0
           0           0
           0           0
           0           0
           0           0
           0           0
           0           0
           0           0
           0           0
           0           0
           0           0
           0           0
           0           0
           0           0
           0           0
           0           0
           0           0
           0           0
           0           0
           0           0
           0           0
           0           0
           0           0
           0           0
           0           0
           0           0
           0           0
           0           0
           0           0
           0           0
           0           0
 1.38111e-05 2.36704e-06
  0.00128057 2.27283e-05
   0.0242976 0.000106503
    0.165726 0.000352741
     0.56404 0.000871591
     1.20164  0.00119275
     1.86496  0.00135055
     2.33765  0.00128782
     2.55254  0.00100554
     2.54942 0.000908477
     2.40713 0.000882353
     2.19897  0.00105014
     1.97174  0.00102328
     1.75383 0.000964282
     1.55899 0.000995524
     1.38794 0.000893187
     1.24473 0.000807001
     1.12381 0.000753385
     1.02397 0.000672873
    0.940789 0.000652206
    0.873296 0.000620766
     0.81732 0.000555405
    0.772784 0.000476604
    0.738122 0.000466288
    0.711057  0.00044458
    0.691676 0.000437961
    0.678263 0.000446676
    0.671956 0.000508723
    0.671271 0.000517507
    0.676071 0.000550039
    0.685882 0.000517464
    0.702398 0.000515498
     0.72317 0.000538711
    0.749066 0.000511039
    0.780294 0.000513978
    0.815592 0.000480679
    0.853963 0.000522204
    0.894071 0.000522791
    0.935969  0.00047844
    0.977402 0.000508032
     1.01892 0.000520855
     1.05857  0.00048664
     1.09606 0.000511782
     1.13033 0.000423542
     1.16118 0.000408901
     1.18501 0.000439611
     1.20357 0.000395407
     1.21297 0.000433894
     1.21448 0.000457608
      1.2088 0.000432833
     1.19507  0.00043406
     1.17526 0.000459376
     1.15058 0.000491642
     1.12402 0.000471138
     1.09523  0.00048751
     1.06684 0.000395342
     1.03902 0.000392788
     1.01236 0.000455038
    0.987626 0.000402608
    0.965967 0.000400092
    0.947375  0.00037842
    0.931798  0.00035955
    0.918413 0.000363787
    0.908747 0.000406756
    0.895291  0.00038125
    0.885232 0.000389464
    0.885221 0.000440995
