           1     1.32862     1.32862           0
           2     1.42277     1.37569   0.0470732
           3     1.41477     1.38872   0.0301382
           4     1.38746      1.3884   0.0213132
           5     1.38056     1.38684   0.0165835
           6     1.36771     1.38365   0.0139105
           7     1.35312     1.37929   0.0125395
           8      1.4774     1.39155   0.0163811
           9     1.36444     1.38854   0.0147575
          10     1.35936     1.38562   0.0135182
          11     1.33771     1.38127   0.0129801
          12     1.38123     1.38126   0.0118492
          13     1.45256     1.38675   0.0122017
          14     1.34317     1.38363   0.0117176
          15     1.38029     1.38341   0.0109108
          16     1.48995     1.39007   0.0121861
          17     1.47199     1.39489   0.0124198
          18     1.45833     1.39841   0.0122285
          19     1.40746     1.39889   0.0115768
          20     1.42727     1.40031    0.011074
          21     1.43898     1.40215   0.0106932
          22     1.46665     1.40508   0.0106088
          23     1.46801     1.40782   0.0104998
          24     1.37042     1.40626   0.0101729
          25     1.32135     1.40286   0.0103317
          26     1.45903     1.40502   0.0101588
          27       1.385     1.40428  0.00980337
          28     1.39457     1.40393  0.00945313
          29     1.35786     1.40235  0.00925868
          30     1.40297     1.40237  0.00894476
          31     1.38742     1.40188  0.00866484
          32     1.38637      1.4014  0.00840369
          33     1.33207      1.3993  0.00841165
          34     1.46705     1.40129  0.00840026
          35      1.4811     1.40357  0.00846947
          36     1.41706     1.40395  0.00823937
          37     1.43248     1.40472  0.00805061
          38      1.3938     1.40443  0.00784115
          39      1.3974     1.40425  0.00763957
          40     1.34644      1.4028  0.00758511
          41     1.45871     1.40417  0.00752242
          42     1.34544     1.40277  0.00747313
          43     1.37111     1.40203  0.00733432
          44     1.41159     1.40225  0.00716898
          45     1.40606     1.40234  0.00700837
          46     1.47294     1.40387  0.00702407
          47     1.32176     1.40212  0.00709158
          48      1.3522     1.40108  0.00701976
          49     1.39044     1.40087  0.00687843
          50     1.38618     1.40057  0.00674586
          51     1.34787     1.39954  0.00669253
          52     1.38696      1.3993  0.00656703
          53     1.33809     1.39814  0.00654464
          54     1.40935     1.39835  0.00642565
          55     1.45884     1.39945   0.0064029
          56     1.48783     1.40103  0.00648256
          57     1.40333     1.40107  0.00636795
          58     1.42492     1.40148  0.00627069
          59     1.38757     1.40124    0.006168
          60     1.46392     1.40229  0.00615364
          61     1.34404     1.40133   0.0061268
          62     1.41683     1.40158  0.00603235
          63     1.34954     1.40076  0.00599303
          64     1.31779     1.39946  0.00603943
          65     1.41627     1.39972  0.00595141
          66      1.4321     1.40021  0.00588104
          67     1.40903     1.40034   0.0057941
          68     1.37733         1.4  0.00571827
          69     1.43467     1.40051  0.00565714
          70     1.37818     1.40019  0.00558485
          71     1.35292     1.39952  0.00554573
          72     1.40492      1.3996  0.00546868
          73     1.36027     1.39906  0.00542008
          74     1.45085     1.39976  0.00539196
          75      1.4677     1.40066  0.00539618
          76      1.3973     1.40062  0.00532488
          77     1.44323     1.40117  0.00528433
          78     1.40461     1.40122  0.00521633
          79     1.42373      1.4015  0.00515776
          80     1.44701     1.40207  0.00512456
          81     1.31994     1.40106  0.00516146
          82     1.37279     1.40071  0.00510977
          83     1.40416     1.40075  0.00504801
          84     1.45967     1.40145  0.00503663
          85     1.33469     1.40067  0.00503863
          86     1.44707     1.40121  0.00500884
          87      1.3747      1.4009   0.0049603
          88     1.38143     1.40068   0.0049086
          89     1.39309      1.4006  0.00485389
          90     1.37435     1.40031  0.00480851
          91     1.39744     1.40027  0.00475548
          92     1.45549     1.40087  0.00474164
          93     1.35114     1.40034  0.00472075
          94     1.39593     1.40029   0.0046705
          95     1.40509     1.40034  0.00462135
          96      1.3838     1.40017   0.0045762
          97     1.43754     1.40056  0.00454514
          98     1.42397     1.40079  0.00450486
          99     1.37381     1.40052  0.00446745
         100     1.37964     1.40031  0.00442747
