           1   -0.377117   -0.377117           0
           2   -0.426327   -0.401722   0.0246053
           3   -0.403341   -0.402262   0.0142161
           4   -0.429196   -0.408995   0.0120992
           5   -0.397468    -0.40669  0.00965137
           6   -0.395076   -0.404754  0.00811454
           7   -0.422328   -0.407265  0.00730311
           8   -0.415596   -0.408306  0.00640985
           9   -0.415702   -0.409128  0.00571237
          10   -0.418195   -0.410034  0.00518913
          11   -0.397048   -0.408854  0.00483993
          12   -0.396034   -0.407786  0.00454556
          13   -0.426394   -0.409217  0.00441953
          14   -0.413701   -0.409537   0.0041042
          15    -0.41015   -0.409578  0.00382102
          16   -0.416631   -0.410019  0.00360132
          17   -0.430603    -0.41123  0.00359301
          18   -0.411254   -0.411231  0.00338753
          19   -0.428649   -0.412148  0.00333283
          20   -0.414114   -0.412246  0.00316333
          21    -0.38522   -0.410959  0.00327261
          22   -0.374614   -0.409307  0.00353067
          23   -0.397598   -0.408798  0.00341187
          24   -0.383673   -0.407751  0.00343026
          25   -0.406074   -0.407684  0.00329088
          26   -0.454648    -0.40949  0.00364136
          27   -0.409531   -0.409492   0.0035039
          28      -0.432   -0.410296  0.00347082
          29   -0.410643   -0.410308  0.00334902
          30    -0.42389    -0.41076  0.00326698
          31   -0.468415    -0.41262  0.00366655
          32   -0.397027   -0.412133  0.00358341
          33   -0.425788   -0.412547  0.00349768
          34   -0.423199    -0.41286  0.00340769
          35   -0.402317   -0.412559  0.00332257
          36   -0.398137   -0.412158  0.00325372
          37   -0.395311   -0.411703  0.00319715
          38     -0.3806   -0.410884  0.00321772
          39   -0.375702   -0.409982  0.00326137
          40   -0.434915   -0.410606  0.00323933
          41   -0.399172   -0.410327  0.00317162
          42    -0.38714   -0.409775  0.00314403
          43   -0.415878   -0.409917  0.00307332
          44   -0.411551   -0.409954  0.00300289
          45   -0.437442   -0.410565  0.00299828
          46   -0.424741   -0.410873  0.00294853
          47    -0.42111   -0.411091  0.00289332
          48   -0.412385   -0.411118  0.00283253
          49   -0.433547   -0.411575  0.00281164
          50   -0.424998   -0.411844  0.00276788
          51    -0.39643   -0.411542  0.00272985
          52   -0.402401   -0.411366   0.0026826
          53   -0.403302   -0.411214  0.00263589
          54   -0.389192   -0.410806  0.00261857
          55   -0.426909   -0.411099  0.00258714
          56   -0.394075   -0.410795  0.00255864
          57   -0.441888    -0.41134  0.00257187
          58   -0.412045   -0.411352  0.00252717
          59   -0.406114   -0.411263  0.00248555
          60    -0.39669   -0.411021  0.00245582
          61   -0.383842   -0.410575  0.00245597
          62   -0.394112    -0.41031  0.00243058
          63   -0.433111   -0.410671  0.00241892
          64   -0.432072   -0.411006  0.00240419
          65   -0.408609   -0.410969   0.0023672
          66   -0.396815   -0.410755  0.00234091
          67    -0.36651   -0.410094   0.0023984
          68   -0.444454   -0.410599  0.00241629
          69   -0.395487    -0.41038  0.00239107
          70     -0.4082   -0.410349  0.00235687
          71   -0.410886   -0.410357  0.00232345
          72   -0.435636   -0.410708   0.0023177
          73   -0.391096   -0.410439  0.00230146
          74   -0.428764   -0.410687  0.00228362
          75   -0.436211   -0.411027  0.00227852
          76   -0.466486   -0.411757   0.0023638
          77   -0.491231   -0.412789  0.00255102
          78   -0.437535   -0.413106  0.00253801
          79   -0.452048   -0.413599   0.0025537
          80   -0.394469    -0.41336  0.00253289
          81   -0.410057   -0.413319  0.00250176
          82   -0.437916   -0.413619   0.0024892
          83   -0.455611   -0.414125  0.00251053
          84   -0.437686   -0.414406  0.00249627
          85    -0.41673   -0.414433  0.00246688
          86   -0.451118    -0.41486  0.00247506
          87   -0.404392   -0.414739  0.00244941
          88    -0.38401    -0.41439  0.00244646
          89   -0.449255   -0.414782  0.00245034
          90   -0.394957   -0.414562  0.00243295
          91   -0.396469   -0.414363  0.00241426
          92   -0.398951   -0.414195  0.00239375
          93   -0.388933   -0.413924   0.0023834
          94   -0.428642    -0.41408   0.0023631
          95   -0.433916   -0.414289   0.0023474
          96     -0.4312   -0.414465  0.00232949
          97    -0.41881    -0.41451  0.00230578
          98   -0.414056   -0.414505  0.00228214
          99   -0.389036   -0.414248  0.00227357
         100   -0.416249   -0.414268  0.00225081
