           0           0
           0           0
           0           0
           0           0
           0           0
           0           0
           0           0
           0           0
           0           0
           0           0
           0           0
           0           0
           0           0
 0.000969866 4.89266e-05
    0.147747  0.00123084
     1.06457  0.00760018
     2.04289    0.013706
     2.26878   0.0147726
     2.08612   0.0131941
     1.83345   0.0114677
     1.61542  0.00969781
      1.4522  0.00843476
     1.33345  0.00757521
     1.24763  0.00657104
     1.18528  0.00609828
     1.14213   0.0056796
      1.1096  0.00545701
     1.09044  0.00521652
     1.07656  0.00525611
     1.06651  0.00509207
     1.06192  0.00491571
     1.05851  0.00476485
     1.05575  0.00472505
     1.05371  0.00466052
      1.0491  0.00445255
     1.04313  0.00421237
     1.03732  0.00405461
     1.03246   0.0039193
     1.02772  0.00374326
     1.02304   0.0035689
       1.018  0.00355059
     1.01459  0.00345264
     1.01146  0.00334731
     1.01006  0.00323956
     1.00834  0.00306562
     1.00634  0.00298437
     1.00466  0.00291017
     1.00258  0.00285923
      1.0011  0.00271284
     1.00039   0.0025597
    0.999246  0.00251714
    0.998513  0.00245001
    0.997782  0.00235905
    0.997062  0.00225945
    0.997565  0.00214614
    0.996658  0.00210448
    0.995626  0.00212577
    0.994899  0.00205449
    0.994334  0.00205544
    0.994211  0.00204844
    0.993176  0.00204943
    0.993088  0.00204857
    0.993225  0.00200083
    0.991946  0.00196464
    0.991381  0.00184881
    0.991325  0.00182695
    0.991366  0.00175907
    0.991033  0.00173129
    0.990344   0.0016662
    0.990266  0.00163521
    0.989958  0.00158822
    0.990248  0.00155291
    0.989847  0.00156834
    0.989463  0.00151747
     0.98983  0.00144203
    0.989589  0.00145698
      0.9902   0.0013884
    0.990339  0.00133915
     0.98977  0.00135479
    0.989854  0.00133461
    0.989732  0.00126677
    0.989101  0.00123145
    0.989136  0.00120115
    0.988972  0.00111863
    0.988639  0.00110285
    0.988252   0.0011136
    0.987427  0.00106611
    0.987347  0.00103977
    0.987492  0.00107606
    0.987229  0.00107249
     0.98698  0.00109858
    0.986733   0.0010713
    0.986427  0.00107039
    0.985836  0.00108586
    0.986025  0.00109582
    0.985816   0.0010955
    0.985572  0.00110381
    0.985438  0.00106525
    0.986044  0.00111219
    0.985884  0.00110494
