           1   0.0492559   0.0492559           0
           2   0.0489625   0.0491092 0.000146698
           3   0.0490649   0.0490944 8.59787e-05
           4   0.0489143   0.0490494 7.56644e-05
           5   0.0497576    0.049191  0.00015329
           6   0.0493161   0.0492119 0.000126886
           7   0.0489774   0.0491784 0.000112347
           8   0.0487318   0.0491226 0.000112171
           9   0.0495019   0.0491647 0.000107528
          10   0.0497937   0.0492276 0.000114916
          11   0.0494073    0.049244 0.000105221
          12   0.0496054   0.0492741 0.000100665
          13   0.0489636   0.0492502 9.56292e-05
          14   0.0490699   0.0492373 8.94671e-05
          15   0.0489065   0.0492153 8.61596e-05
          16   0.0485148   0.0491715 9.17185e-05
          17   0.0484365   0.0491282  9.6393e-05
          18   0.0496662   0.0491581 9.56675e-05
          19   0.0488571   0.0491423 9.18688e-05
          20   0.0490659   0.0491385 8.72381e-05
          21   0.0494476   0.0491532 8.42758e-05
          22   0.0498229   0.0491836 8.59261e-05
          23   0.0497594   0.0492087 8.58363e-05
          24   0.0497351   0.0492306 8.50593e-05
          25   0.0488499   0.0492154 8.29953e-05
          26   0.0483229    0.049181 8.68134e-05
          27   0.0493708   0.0491881 8.38313e-05
          28   0.0480502   0.0491474 9.04279e-05
          29   0.0481582   0.0491133 9.36853e-05
          30   0.0491673   0.0491151 9.05265e-05
          31   0.0485558   0.0490971 8.93975e-05
          32   0.0488388    0.049089 8.69343e-05
          33   0.0488687   0.0490823 8.45229e-05
          34   0.0495546   0.0490962 8.31675e-05
          35   0.0490077   0.0490937  8.0796e-05
          36   0.0488858   0.0490879 7.87315e-05
          37   0.0497944    0.049107 7.89187e-05
          38   0.0486922   0.0490961 7.75856e-05
          39   0.0497244   0.0491122 7.72681e-05
          40   0.0489537   0.0491082 7.54158e-05
          41   0.0490315   0.0491064 7.35772e-05
          42   0.0497869   0.0491226 7.36096e-05
          43   0.0492604   0.0491258 7.19487e-05
          44   0.0494334   0.0491328 7.06414e-05
          45   0.0484372   0.0491173 7.07628e-05
          46    0.049253   0.0491203 6.92702e-05
          47   0.0494441   0.0491271 6.81297e-05
          48   0.0497255   0.0491396 6.78501e-05
          49   0.0484903   0.0491264 6.77595e-05
          50   0.0483717   0.0491113 6.80846e-05
          51   0.0489365   0.0491078 6.68242e-05
          52   0.0487272   0.0491005  6.5934e-05
          53   0.0492428   0.0491032 6.47337e-05
          54     0.05016   0.0491228 6.64701e-05
          55   0.0490374   0.0491212 6.52689e-05
          56   0.0492888   0.0491242 6.41626e-05
          57    0.048207   0.0491081 6.50486e-05
          58    0.049332    0.049112 6.40337e-05
          59   0.0483047   0.0490983 6.44093e-05
          60    0.048298    0.049085 6.47161e-05
          61   0.0494955   0.0490917 6.40013e-05
          62   0.0488283   0.0490874 6.31037e-05
          63   0.0483682    0.049076 6.31349e-05
          64    0.048479   0.0490667 6.28369e-05
          65     0.04916   0.0490681 6.18793e-05
          66   0.0498416   0.0490799 6.20512e-05
          67    0.049542   0.0490868 6.15061e-05
          68   0.0487314   0.0490815 6.08198e-05
          69    0.049133   0.0490823 5.99365e-05
          70   0.0490312   0.0490815 5.90785e-05
          71   0.0498212    0.049092  5.9165e-05
          72   0.0488721   0.0490889 5.84174e-05
          73   0.0492157   0.0490906 5.76378e-05
          74    0.049009   0.0490895 5.68642e-05
          75   0.0485613   0.0490825 5.65413e-05
          76   0.0487556   0.0490782  5.5958e-05
          77   0.0478433   0.0490622 5.75079e-05
          78   0.0483881   0.0490535 5.74197e-05
          79   0.0488818   0.0490513 5.67299e-05
          80   0.0485619   0.0490452 5.63494e-05
          81   0.0488553   0.0490429 5.56987e-05
          82   0.0491105   0.0490437 5.50215e-05
          83   0.0488808   0.0490417 5.43899e-05
          84   0.0493576   0.0490455 5.38699e-05
          85   0.0485965   0.0490402 5.34938e-05
          86   0.0487432   0.0490368 5.29808e-05
          87   0.0491645   0.0490382 5.23888e-05
          88   0.0493416   0.0490417 5.19047e-05
          89   0.0474436   0.0490237 5.43687e-05
          90   0.0491935   0.0490256 5.37943e-05
          91   0.0484494   0.0490193 5.35754e-05
          92   0.0495528   0.0490251 5.33063e-05
          93   0.0492092   0.0490271 5.27671e-05
          94    0.049298   0.0490299 5.22823e-05
          95   0.0487006   0.0490265  5.1845e-05
          96   0.0491165   0.0490274 5.13107e-05
          97   0.0487771   0.0490248 5.08445e-05
          98   0.0494095   0.0490288 5.04759e-05
          99   0.0492987   0.0490315 5.00378e-05
         100   0.0490692   0.0490319 4.95363e-05
