0 0 0
1 0.0435207 0.273426
2 0.436443 0.149439
3 0.462374 0.255629
4 0.827103 0.222428
5 0.444709 0.189237
6 0.435157 0.238668
7 0.453641 0.190277
8 0.247758 0.223962
9 -0.242526 0.249426
10 0.402514 0.293547
11 0.286584 0.162922
12 0.349248 0.183282
13 0.432084 0.171284
14 0.208861 0.170457
15 0.232623 0.202641
16 0.3562 0.193824
17 0.276361 0.2626
18 0.209288 0.194063
19 0.361069 0.244386
20 0.508309 0.214951
21 0.360256 0.192738
22 0.201805 0.165965
23 0.411391 0.185057
24 0.143601 0.17876
25 0.0217015 0.193783
26 0.217508 0.289842
27 0.188524 0.176073
28 0.206386 0.177674
29 0.645714 0.20309
30 0.425629 0.135979
31 0.65114 0.167345
32 0.60642 0.11917
33 0.26497 0.144925
34 0.216463 0.168239
35 0.155532 0.229854
36 0.388791 0.170783
37 -0.117691 0.198777
38 0.53708 0.132271
39 0.224144 0.107695
40 0.133812 0.179463
41 0.539966 0.148891
42 0.255993 0.211397
43 0.517059 0.196239
44 0.739702 0.158325
45 0.158084 0.197569
46 0.456474 0.164509
47 0.353971 0.161717
48 0.515446 0.169747
49 0.325 0.120219
50 0.313969 0.141392
51 0.324865 0.174974
52 -0.00388967 0.177386
53 0.370156 0.154027
54 0.328155 0.154233
55 0.328852 0.179147
56 0.368257 0.102059
57 0.269234 0.171305
58 0.340442 0.183281
59 0.0685116 0.154581
60 0.452092 0.170095
61 0.180691 0.171647
62 0.482168 0.13035
63 0.237912 0.138926
64 0.342902 0.146349
65 0.400228 0.140759
66 0.266487 0.111211
67 0.441122 0.14174
68 0.370245 0.167228
69 0.629968 0.13723
70 0.284657 0.160925
71 0.329621 0.140428
72 0.471483 0.130627
73 0.272507 0.126144
74 0.338427 0.134627
75 0.286427 0.138991
76 0.495778 0.113706
77 0.164826 0.154979
78 0.198645 0.112351
79 0.151145 0.107681
80 0.304494 0.133104
81 0.300904 0.125764
82 0.18097 0.177468
83 0.269576 0.151467
84 0.51197 0.12832
85 0.295503 0.15847
86 0.485687 0.19754
87 -0.0502953 0.127936
88 0.507355 0.1496
89 0.352515 0.132999
90 0.319711 0.101402
91 0.300596 0.141921
92 0.391432 0.163954
93 0.210728 0.118953
94 0.369863 0.118489
95 0.16026 0.167735
96 0.349064 0.114183
97 0.296117 0.107201
98 0.399423 0.106364
99 0.320559 0.105175
100 0.458815 0.120432
101 0.33315 0.203434
102 0.26208 0.162078
103 0.424814 0.101848
104 0.357672 0.13682
105 0.3253 0.146298
106 0.323974 0.183994
107 0.225662 0.12069
108 0.409791 0.132727
109 0.397731 0.16116
110 0.150634 0.138722
111 0.213874 0.139081
112 0.252253 0.175146
113 0.330848 0.121978
114 0.467633 0.135159
115 0.443456 0.141268
116 0.395525 0.155956
117 0.607403 0.117203
118 0.400236 0.133794
119 0.43342 0.172587
120 0.343447 0.164924
121 0.166583 0.110475
122 0.280572 0.134176
123 0.268782 0.129575
124 0.264732 0.133635
125 0.388672 0.172792
126 0.542687 0.151177
127 0.244299 0.0810592
128 0.211807 0.0932643
129 0.514968 0.170873
130 0.386425 0.136563
131 0.147388 0.114053
132 0.29379 0.160872
133 0.288075 0.153807
134 0.555209 0.108018
135 0.186816 0.14437
136 0.330715 0.14192
137 0.354726 0.157329
138 0.204077 0.115882
139 0.0915072 0.187765
140 0.512856 0.156603
141 0.501888 0.147424
142 0.198352 0.114219
143 -0.0658713 0.119328
144 0.35963 0.139029
145 0.415574 0.113848
146 0.0750352 0.103873
147 0.266955 0.156071
148 0.410776 0.165802
149 0.308819 0.108168
150 0.142764 0.166426
151 0.143819 0.121594
152 0.413996 0.179018
153 0.411021 0.134167
154 0.413803 0.156907
155 0.395491 0.145988
156 0.281688 0.164487
157 0.244452 0.10688
158 0.0994554 0.165486
159 0.423457 0.125103
160 0.307855 0.157701
161 0.134096 0.159184
162 0.145503 0.10791
163 0.415081 0.15371
164 0.243613 0.110979
165 0.262991 0.123126
166 0.0868521 0.143787
167 0.141603 0.13175
168 0.182833 0.127586
169 0.16426 0.146452
170 0.25656 0.154398
171 0.382678 0.106274
172 0.352671 0.169123
173 0.415962 0.153147
174 0.166139 0.144506
175 0.256419 0.113261
176 0.381487 0.125553
177 0.353817 0.111293
178 0.257219 0.10633
179 0.396375 0.123
180 0.364172 0.151311
181 0.43974 0.161683
182 0.559376 0.164982
183 0.363771 0.139663
184 0.140383 0.16375
185 0.557991 0.162977
186 0.360121 0.153847
187 0.0599076 0.152489
188 -0.0843411 0.110042
189 0.367809 0.121644
190 0.559669 0.155354
191 0.23015 0.142843
192 0.0776196 0.139527
193 0.207061 0.16167
194 0.114067 0.146977
195 0.459628 0.132836
196 0.377361 0.174542
197 0.420717 0.1867
198 0.528737 0.129394
199 0.274843 0.16817
200 -0.0133526 0.157103
201 0.225622 0.135944
202 0.163877 0.149833
203 0.604491 0.145842
204 0.174582 0.165519
205 0.101626 0.100294
206 0.372134 0.160389
207 0.23972 0.0911189
208 0.335544 0.124086
209 0.672724 0.123416
210 0.0888733 0.118725
211 0.312707 0.152969
212 0.386362 0.132502
213 0.131193 0.130169
214 0.236944 0.147152
215 0.412832 0.128105
216 0.433344 0.160342
217 0.801496 0.137584
218 0.264741 0.162817
219 0.371385 0.145614
220 0.156761 0.116253
221 0.329089 0.153859
222 0.228854 0.104138
223 0.184508 0.154677
224 0.317931 0.158904
225 0.165518 0.155508
226 0.330065 0.166391
227 0.401204 0.196418
228 0.469759 0.135807
229 0.125274 0.163066
230 0.524465 0.14114
231 0.322212 0.198806
232 0.397067 0.110666
233 0.422091 0.133537
234 0.27372 0.156374
235 0.429138 0.173374
236 0.379037 0.150994
237 0.405757 0.14164
238 0.509648 0.150245
239 0.385566 0.166045
240 0.254221 0.170702
241 0.536258 0.140414
242 0.17269 0.15302
243 0.314841 0.1317
244 0.295177 0.171199
245 0.328674 0.136624
246 0.571116 0.114305
247 0.0998065 0.127462
248 0.380032 0.132812
249 0.161724 0.13126
250 0.269052 0.18816
251 0.366211 0.169548
252 0.401154 0.156275
253 0.578421 0.216306
254 0.216405 0.14739
255 -0.0102004 0.19567
256 0.28507 0.160021
257 0.229107 0.183732
258 0.340616 0.192634
259 0.353283 0.205465
260 0.271838 0.271428
261 0.352004 0.168537
262 0.561648 0.135829
263 0.176029 0.161243
264 0.531591 0.200292
265 0.648195 0.168846
266 0.348541 0.163661
267 0.247568 0.211042
268 0.293029 0.195344
269 0.31024 0.154747
270 0.441232 0.165995
271 0.604631 0.225791
272 0.256658 0.178705
273 0.341965 0.18489
274 0.114793 0.177358
275 0.612922 0.186183
276 0.626397 0.172486
277 0.550904 0.190135
278 0.0951692 0.195805
279 0.109135 0.200725
280 0.388088 0.21379
281 0.593421 0.175235
282 0.318094 0.167791
283 0.284949 0.229744
284 0.273789 0.210215
285 0.481997 0.259153
286 0.425743 0.232325
287 0.400377 0.188014
288 0.569867 0.206598
289 0.292457 0.210097
290 -0.0306608 0.198299
291 0.587063 0.191121
292 0.299646 0.243124
293 0.0780205 0.184294
294 0.202997 0.151305
295 0.180051 0.255957
296 0.38642 0.21089
297 0.255338 0.196118
298 0.119824 0.286416
299 0 0
