-0.192771   -0.171715   0.230047
0.333631   0.345366   -0.220896
-0.452798   -0.138167   -0.436658
0.117504   -0.273036   0.219749
-0.317805   0.186802   -0.127159
0.137803   -0.176666   -0.487972
0.170886   0.145053   -0.496665
-0.483246   0.442702   0.36398
0.0995898   -0.391181   -0.468403
-0.336158   -0.0104918   -0.391967
0.496536   -0.0555642   -0.458688
0.208633   0.0100265   0.119718
-0.0939559   -0.455103   0.151536
0.406568   0.280507   -0.177113
0.0345772   -0.297349   0.457549
-0.416746   0.377032   0.255224
-0.330266   -0.275398   0.294652
0.393201   -0.0368589   0.32066
0.289684   -0.29807   -0.34251
-0.0517225   0.0476854   -0.098959
0.444731   0.078333   0.0320692
-0.348138   -0.400852   -0.324731
0.227252   -0.305005   -0.127364
0.147593   -0.256021   -0.211334
0.223678   -0.326225   -0.24952
-0.27485   0.277524   -0.0402243
0.440892   -0.109582   0.349786
-0.279221   -0.281349   -0.0621423
-0.402347   0.476875   -0.314077
-0.148185   0.381251   0.283169
0.234467   0.213535   -0.469885
-0.156661   0.457292   0.365418
-0.00978939   0.40582   0.190298
0.279191   -0.364596   0.104854
-0.178886   -0.432617   -0.335165
-0.47354   0.3673   0.319664
0.210139   -0.420083   0.29279
-0.158405   0.24691   0.315827
0.159514   0.268387   0.106923
-1.58684e-05   -0.463161   0.0159176
-0.429749   -0.0233491   -0.0797592
-0.389761   0.0835959   0.422295
0.12398   0.407657   0.337903
0.334834   0.455402   0.218436
0.0378985   0.0189428   0.0160778
0.247862   0.0179642   -0.36238
0.413318   -0.337925   -0.0160439
0.0588323   0.368645   -0.294616
0.377659   -0.329708   0.398405
-0.150653   0.0811711   -0.143674
-0.0399955   0.443708   -0.283337
0.451238   -0.281374   0.496123
0.00232607   -0.396861   0.454186
0.204489   0.313405   0.0534368
0.0357366   0.307376   0.0358476
-0.452943   0.450916   0.4597
-0.145992   0.282635   -0.487751
0.0348055   0.45206   -0.309824
-0.413898   -0.269466   0.141117
0.0248027   0.265829   0.358049
-0.0524951   -0.172674   0.496327
-0.161292   0.439488   -0.153708
0.488052   0.254166   0.227805
-0.382684   -0.114112   0.471411
-0.0140724   -0.00821632   0.338915
-0.040995   0.464081   -0.146705
0.371884   0.172096   0.363034
-0.335943   0.112542   -0.194268
0.429317   0.447647   -0.179738
0.0364612   -0.394651   0.368429
0.236643   -0.422584   -0.465466
-0.00908536   -0.327836   -0.41338
-0.378706   0.242952   -0.202486
-0.0626035   -0.200651   0.21282
-0.326773   -0.180621   -0.209884
-0.20122   0.0992351   -0.0751358
0.098672   -0.102536   0.483953
0.395799   -0.171018   -0.121684
-0.111417   0.242601   0.409583
0.232459   0.316632   -0.448417
0.438331   0.296842   -0.075204
-0.0894723   0.138484   -0.125444
-0.152729   0.0171609   0.292717
-0.085524   0.0291348   -0.265815
-0.316651   0.331203   -0.00732769
0.345199   0.425439   -0.207867
-0.117843   -0.470482   0.00697081
0.311063   -0.462997   -0.489955
-0.020348   0.410856   0.00297828
0.304877   -0.374172   -0.42236
0.0566652   0.0119167   -0.136853
-0.35924   -0.260503   0.0677705
0.348527   0.0338084   -0.0537395
-0.172509   0.357742   0.366637
0.428271   0.417052   0.144744
0.148619   0.273744   0.332757
0.243781   0.313663   -0.162923
-0.174044   0.108506   0.407432
0.190752   -0.258681   0.343511
-0.49401   0.0242768   0.283039
0.261382   0.303353   0.405285
-0.121675   -0.145864   -0.285572
0.118279   -0.325343   0.40918
0.0753801   -0.464184   -0.0293081
-0.268144   -0.344631   -0.291136
-0.18838   0.42044   -0.33522
-0.132997   0.0494069   -0.0694149
0.172358   -0.177581   0.432408
