-0.192768   -0.171714   0.230087
0.33369   0.345377   -0.220907
-0.452726   -0.138175   -0.436742
0.117461   -0.273052   0.219711
-0.317852   0.186813   -0.127153
0.137769   -0.17668   -0.487913
0.170896   0.145039   -0.496616
-0.483266   0.442669   0.363993
0.0995691   -0.391146   -0.468426
-0.336255   -0.0104575   -0.392018
0.496585   -0.05554   -0.458668
0.208638   0.0100393   0.119666
-0.0939474   -0.455156   0.151539
0.406571   0.280484   -0.177061
0.0344114   -0.297374   0.457535
-0.416681   0.377062   0.255186
-0.330309   -0.27534   0.294595
0.393223   -0.0367881   0.320712
0.289613   -0.298177   -0.342493
-0.0517452   0.0477013   -0.0989985
0.444694   0.0783622   0.0320926
-0.348099   -0.400902   -0.324723
0.227286   -0.305037   -0.127384
0.147576   -0.256058   -0.211396
0.223691   -0.326181   -0.249522
-0.274927   0.277477   -0.0402665
0.44088   -0.109527   0.34975
-0.279226   -0.281339   -0.0621185
-0.402306   0.476867   -0.314064
-0.148216   0.381309   0.283303
0.234447   0.213452   -0.469893
-0.156643   0.457261   0.365376
-0.00980175   0.405819   0.190316
0.279195   -0.364622   0.104768
-0.178908   -0.432589   -0.335132
-0.473559   0.367239   0.319628
0.210145   -0.420089   0.29284
-0.1584   0.246977   0.315886
0.159594   0.26835   0.106922
-2.45044e-05   -0.463149   0.0159715
-0.429772   -0.0233167   -0.0797253
-0.389716   0.0835426   0.422306
0.123976   0.407627   0.337886
0.334881   0.455386   0.218384
0.0378797   0.0189285   0.0160397
0.247826   0.0179917   -0.362298
0.413259   -0.337936   -0.0160193
0.0588287   0.368582   -0.294652
0.377664   -0.329672   0.39842
-0.150667   0.0811527   -0.143767
-0.0400196   0.443747   -0.283375
0.451277   -0.281331   0.4962
0.00239657   -0.396857   0.454189
0.204456   0.313391   0.053504
0.0358041   0.307386   0.0357897
-0.452989   0.450966   0.459637
-0.145935   0.282627   -0.487702
0.0347913   0.452075   -0.309839
-0.413979   -0.269523   0.141185
0.0248095   0.26582   0.358035
-0.0524949   -0.172692   0.496234
-0.161333   0.439509   -0.153703
0.487985   0.254132   0.227817
-0.382683   -0.114139   0.471377
-0.0140126   -0.00818384   0.338967
-0.040923   0.464112   -0.14663
0.371913   0.172081   0.363
-0.335902   0.112525   -0.194275
0.42928   0.447683   -0.179701
0.0364037   -0.394747   0.36851
0.236696   -0.42259   -0.465491
-0.00910914   -0.327794   -0.413367
-0.378696   0.242884   -0.202518
-0.0625563   -0.200681   0.212811
-0.326713   -0.180614   -0.209945
-0.20121   0.0992191   -0.0750768
0.0986886   -0.102555   0.484048
0.395812   -0.170975   -0.121737
-0.111405   0.24263   0.409625
0.232521   0.316621   -0.448452
0.438352   0.296766   -0.0751839
-0.0895047   0.138533   -0.125482
-0.152778   0.0172005   0.292646
-0.0855497   0.0291241   -0.265902
-0.316703   0.33124   -0.00731477
0.345253   0.425438   -0.20784
-0.117847   -0.470464   0.00694754
0.311161   -0.462965   -0.489993
-0.020286   0.410827   0.00298371
0.304877   -0.374221   -0.422439
0.0566349   0.011922   -0.136841
-0.359237   -0.260518   0.0676749
0.34857   0.0338684   -0.0536944
-0.172464   0.357719   0.366624
0.428234   0.417057   0.144725
0.148607   0.273744   0.332784
0.24375   0.313649   -0.162849
-0.173991   0.108507   0.407397
0.190765   -0.258674   0.343488
-0.493976   0.024299   0.283044
0.261286   0.303385   0.405349
-0.121694   -0.145846   -0.285567
0.118346   -0.325334   0.409269
0.0753788   -0.464218   -0.0293085
-0.268185   -0.344599   -0.291127
-0.188407   0.420523   -0.33526
-0.133022   0.0494503   -0.0693564
0.17239   -0.177558   0.43245
